Automatically generated mesh
     201
Reciprocal lattice
    0.00000000000000    0.00000000000000    0.00000000000000             1
    0.09090909090909    0.00000000000000    0.00000000000000             2
    0.18181818181818   -0.00000000000000    0.00000000000000             2
    0.27272727272727    0.00000000000000    0.00000000000000             2
    0.36363636363637    0.00000000000000    0.00000000000000             2
    0.45454545454545    0.00000000000000    0.00000000000000             2
   -0.00000000000000    0.08333333333334    0.00000000000000             2
    0.09090909090909    0.08333333333334    0.00000000000000             2
    0.18181818181818    0.08333333333334    0.00000000000000             2
    0.27272727272727    0.08333333333334    0.00000000000000             2
    0.36363636363637    0.08333333333334    0.00000000000000             2
    0.45454545454545    0.08333333333334    0.00000000000000             2
   -0.45454545454545    0.08333333333334    0.00000000000000             2
   -0.36363636363637    0.08333333333334    0.00000000000000             2
   -0.27272727272727    0.08333333333334    0.00000000000000             2
   -0.18181818181818    0.08333333333334    0.00000000000000             2
   -0.09090909090909    0.08333333333334    0.00000000000000             2
   -0.00000000000000    0.16666666666666    0.00000000000000             2
    0.09090909090909    0.16666666666666    0.00000000000000             2
    0.18181818181818    0.16666666666666    0.00000000000000             2
    0.27272727272727    0.16666666666666    0.00000000000000             2
    0.36363636363637    0.16666666666666    0.00000000000000             2
    0.45454545454545    0.16666666666666    0.00000000000000             2
   -0.45454545454545    0.16666666666666    0.00000000000000             2
   -0.36363636363637    0.16666666666666    0.00000000000000             2
   -0.27272727272727    0.16666666666666    0.00000000000000             2
   -0.18181818181818    0.16666666666666    0.00000000000000             2
   -0.09090909090909    0.16666666666666    0.00000000000000             2
   -0.00000000000000    0.25000000000000    0.00000000000000             2
    0.09090909090909    0.25000000000000    0.00000000000000             2
    0.18181818181818    0.25000000000000    0.00000000000000             2
    0.27272727272727    0.25000000000000    0.00000000000000             2
    0.36363636363637    0.25000000000000    0.00000000000000             2
    0.45454545454545    0.25000000000000    0.00000000000000             2
   -0.45454545454545    0.25000000000000    0.00000000000000             2
   -0.36363636363637    0.25000000000000    0.00000000000000             2
   -0.27272727272727    0.25000000000000    0.00000000000000             2
   -0.18181818181818    0.25000000000000    0.00000000000000             2
   -0.09090909090909    0.25000000000000    0.00000000000000             2
   -0.00000000000000    0.33333333333334    0.00000000000000             2
    0.09090909090909    0.33333333333334    0.00000000000000             2
    0.18181818181818    0.33333333333334    0.00000000000000             2
    0.27272727272727    0.33333333333334    0.00000000000000             2
    0.36363636363637    0.33333333333334    0.00000000000000             2
    0.45454545454545    0.33333333333334    0.00000000000000             2
   -0.45454545454545    0.33333333333334    0.00000000000000             2
   -0.36363636363637    0.33333333333334    0.00000000000000             2
   -0.27272727272727    0.33333333333334    0.00000000000000             2
   -0.18181818181818    0.33333333333334    0.00000000000000             2
   -0.09090909090909    0.33333333333334    0.00000000000000             2
    0.00000000000000    0.41666666666666    0.00000000000000             2
    0.09090909090909    0.41666666666666    0.00000000000000             2
    0.18181818181818    0.41666666666666    0.00000000000000             2
    0.27272727272727    0.41666666666666    0.00000000000000             2
    0.36363636363637    0.41666666666666    0.00000000000000             2
    0.45454545454545    0.41666666666666    0.00000000000000             2
   -0.45454545454545    0.41666666666666    0.00000000000000             2
   -0.36363636363637    0.41666666666666    0.00000000000000             2
   -0.27272727272727    0.41666666666666    0.00000000000000             2
   -0.18181818181818    0.41666666666666    0.00000000000000             2
   -0.09090909090909    0.41666666666666    0.00000000000000             2
   -0.00000000000000    0.50000000000000    0.00000000000000             1
    0.09090909090909    0.50000000000000    0.00000000000000             2
    0.18181818181818    0.50000000000000    0.00000000000000             2
    0.27272727272727    0.50000000000000    0.00000000000000             2
    0.36363636363637    0.50000000000000    0.00000000000000             2
    0.45454545454545    0.50000000000000    0.00000000000000             2
    0.00000000000000    0.00000000000000    0.25000000000000             2
    0.09090909090909    0.00000000000000    0.25000000000000             4
    0.18181818181818   -0.00000000000000    0.25000000000000             4
    0.27272727272727    0.00000000000000    0.25000000000000             4
    0.36363636363637    0.00000000000000    0.25000000000000             4
    0.45454545454545    0.00000000000000    0.25000000000000             4
   -0.00000000000000    0.08333333333334    0.25000000000000             4
    0.09090909090909    0.08333333333334    0.25000000000000             4
    0.18181818181818    0.08333333333334    0.25000000000000             4
    0.27272727272727    0.08333333333334    0.25000000000000             4
    0.36363636363637    0.08333333333334    0.25000000000000             4
    0.45454545454545    0.08333333333334    0.25000000000000             4
   -0.45454545454545    0.08333333333334    0.25000000000000             4
   -0.36363636363637    0.08333333333334    0.25000000000000             4
   -0.27272727272727    0.08333333333334    0.25000000000000             4
   -0.18181818181818    0.08333333333334    0.25000000000000             4
   -0.09090909090909    0.08333333333334    0.25000000000000             4
   -0.00000000000000    0.16666666666666    0.25000000000000             4
    0.09090909090909    0.16666666666666    0.25000000000000             4
    0.18181818181818    0.16666666666666    0.25000000000000             4
    0.27272727272727    0.16666666666666    0.25000000000000             4
    0.36363636363637    0.16666666666666    0.25000000000000             4
    0.45454545454545    0.16666666666666    0.25000000000000             4
   -0.45454545454545    0.16666666666666    0.25000000000000             4
   -0.36363636363637    0.16666666666666    0.25000000000000             4
   -0.27272727272727    0.16666666666666    0.25000000000000             4
   -0.18181818181818    0.16666666666666    0.25000000000000             4
   -0.09090909090909    0.16666666666666    0.25000000000000             4
   -0.00000000000000    0.25000000000000    0.25000000000000             4
    0.09090909090909    0.25000000000000    0.25000000000000             4
    0.18181818181818    0.25000000000000    0.25000000000000             4
    0.27272727272727    0.25000000000000    0.25000000000000             4
    0.36363636363637    0.25000000000000    0.25000000000000             4
    0.45454545454545    0.25000000000000    0.25000000000000             4
   -0.45454545454545    0.25000000000000    0.25000000000000             4
   -0.36363636363637    0.25000000000000    0.25000000000000             4
   -0.27272727272727    0.25000000000000    0.25000000000000             4
   -0.18181818181818    0.25000000000000    0.25000000000000             4
   -0.09090909090909    0.25000000000000    0.25000000000000             4
   -0.00000000000000    0.33333333333334    0.25000000000000             4
    0.09090909090909    0.33333333333334    0.25000000000000             4
    0.18181818181818    0.33333333333334    0.25000000000000             4
    0.27272727272727    0.33333333333334    0.25000000000000             4
    0.36363636363637    0.33333333333334    0.25000000000000             4
    0.45454545454545    0.33333333333334    0.25000000000000             4
   -0.45454545454545    0.33333333333334    0.25000000000000             4
   -0.36363636363637    0.33333333333334    0.25000000000000             4
   -0.27272727272727    0.33333333333334    0.25000000000000             4
   -0.18181818181818    0.33333333333334    0.25000000000000             4
   -0.09090909090909    0.33333333333334    0.25000000000000             4
    0.00000000000000    0.41666666666666    0.25000000000000             4
    0.09090909090909    0.41666666666666    0.25000000000000             4
    0.18181818181818    0.41666666666666    0.25000000000000             4
    0.27272727272727    0.41666666666666    0.25000000000000             4
    0.36363636363637    0.41666666666666    0.25000000000000             4
    0.45454545454545    0.41666666666666    0.25000000000000             4
   -0.45454545454545    0.41666666666666    0.25000000000000             4
   -0.36363636363637    0.41666666666666    0.25000000000000             4
   -0.27272727272727    0.41666666666666    0.25000000000000             4
   -0.18181818181818    0.41666666666666    0.25000000000000             4
   -0.09090909090909    0.41666666666666    0.25000000000000             4
   -0.00000000000000    0.50000000000000    0.25000000000000             2
    0.09090909090909    0.50000000000000    0.25000000000000             4
    0.18181818181818    0.50000000000000    0.25000000000000             4
    0.27272727272727    0.50000000000000    0.25000000000000             4
    0.36363636363637    0.50000000000000    0.25000000000000             4
    0.45454545454545    0.50000000000000    0.25000000000000             4
    0.00000000000000    0.00000000000000    0.50000000000000             1
    0.09090909090909    0.00000000000000    0.50000000000000             2
    0.18181818181818   -0.00000000000000    0.50000000000000             2
    0.27272727272727    0.00000000000000    0.50000000000000             2
    0.36363636363637    0.00000000000000    0.50000000000000             2
    0.45454545454545    0.00000000000000    0.50000000000000             2
   -0.00000000000000    0.08333333333334    0.50000000000000             2
    0.09090909090909    0.08333333333334    0.50000000000000             2
    0.18181818181818    0.08333333333334    0.50000000000000             2
    0.27272727272727    0.08333333333334    0.50000000000000             2
    0.36363636363637    0.08333333333334    0.50000000000000             2
    0.45454545454545    0.08333333333334    0.50000000000000             2
   -0.45454545454545    0.08333333333334    0.50000000000000             2
   -0.36363636363637    0.08333333333334    0.50000000000000             2
   -0.27272727272727    0.08333333333334    0.50000000000000             2
   -0.18181818181818    0.08333333333334    0.50000000000000             2
   -0.09090909090909    0.08333333333334    0.50000000000000             2
   -0.00000000000000    0.16666666666666    0.50000000000000             2
    0.09090909090909    0.16666666666666    0.50000000000000             2
    0.18181818181818    0.16666666666666    0.50000000000000             2
    0.27272727272727    0.16666666666666    0.50000000000000             2
    0.36363636363637    0.16666666666666    0.50000000000000             2
    0.45454545454545    0.16666666666666    0.50000000000000             2
   -0.45454545454545    0.16666666666666    0.50000000000000             2
   -0.36363636363637    0.16666666666666    0.50000000000000             2
   -0.27272727272727    0.16666666666666    0.50000000000000             2
   -0.18181818181818    0.16666666666666    0.50000000000000             2
   -0.09090909090909    0.16666666666666    0.50000000000000             2
   -0.00000000000000    0.25000000000000    0.50000000000000             2
    0.09090909090909    0.25000000000000    0.50000000000000             2
    0.18181818181818    0.25000000000000    0.50000000000000             2
    0.27272727272727    0.25000000000000    0.50000000000000             2
    0.36363636363637    0.25000000000000    0.50000000000000             2
    0.45454545454545    0.25000000000000    0.50000000000000             2
   -0.45454545454545    0.25000000000000    0.50000000000000             2
   -0.36363636363637    0.25000000000000    0.50000000000000             2
   -0.27272727272727    0.25000000000000    0.50000000000000             2
   -0.18181818181818    0.25000000000000    0.50000000000000             2
   -0.09090909090909    0.25000000000000    0.50000000000000             2
   -0.00000000000000    0.33333333333334    0.50000000000000             2
    0.09090909090909    0.33333333333334    0.50000000000000             2
    0.18181818181818    0.33333333333334    0.50000000000000             2
    0.27272727272727    0.33333333333334    0.50000000000000             2
    0.36363636363637    0.33333333333334    0.50000000000000             2
    0.45454545454545    0.33333333333334    0.50000000000000             2
   -0.45454545454545    0.33333333333334    0.50000000000000             2
   -0.36363636363637    0.33333333333334    0.50000000000000             2
   -0.27272727272727    0.33333333333334    0.50000000000000             2
   -0.18181818181818    0.33333333333334    0.50000000000000             2
   -0.09090909090909    0.33333333333334    0.50000000000000             2
    0.00000000000000    0.41666666666666    0.50000000000000             2
    0.09090909090909    0.41666666666666    0.50000000000000             2
    0.18181818181818    0.41666666666666    0.50000000000000             2
    0.27272727272727    0.41666666666666    0.50000000000000             2
    0.36363636363637    0.41666666666666    0.50000000000000             2
    0.45454545454545    0.41666666666666    0.50000000000000             2
   -0.45454545454545    0.41666666666666    0.50000000000000             2
   -0.36363636363637    0.41666666666666    0.50000000000000             2
   -0.27272727272727    0.41666666666666    0.50000000000000             2
   -0.18181818181818    0.41666666666666    0.50000000000000             2
   -0.09090909090909    0.41666666666666    0.50000000000000             2
   -0.00000000000000    0.50000000000000    0.50000000000000             1
    0.09090909090909    0.50000000000000    0.50000000000000             2
    0.18181818181818    0.50000000000000    0.50000000000000             2
    0.27272727272727    0.50000000000000    0.50000000000000             2
    0.36363636363637    0.50000000000000    0.50000000000000             2
    0.45454545454545    0.50000000000000    0.50000000000000             2
Tetrahedra
      1584    0.00031565656566
         2         1         2         7        69
         2         2         7         8        69
         2         7         8        69        75
         2         1         7        68        69
         2         7        68        69        74
         2         7        69        74        75
         2         2         3         8        70
         2         3         8         9        70
         2         8         9        70        76
         2         2         8        69        70
         2         8        69        70        75
         2         8        70        75        76
         2         3         4         9        71
         2         4         9        10        71
         2         9        10        71        77
         2         3         9        70        71
         2         9        70        71        76
         2         9        71        76        77
         2         4         5        10        72
         2         5        10        11        72
         2        10        11        72        78
         2         4        10        71        72
         2        10        71        72        77
         2        10        72        77        78
         2         5         6        11        73
         2         6        11        12        73
         2        11        12        73        79
         2         5        11        72        73
         2        11        72        73        78
         2        11        73        78        79
         2         6         6        12        73
         2         6        12        13        73
         2        12        13        73        80
         2         6        12        73        73
         2        12        73        73        79
         2        12        73        79        80
         2         5         6        13        72
         2         5        13        14        72
         2        13        14        72        81
         2         6        13        72        73
         2        13        72        73        80
         2        13        72        80        81
         2         4         5        14        71
         2         4        14        15        71
         2        14        15        71        82
         2         5        14        71        72
         2        14        71        72        81
         2        14        71        81        82
         2         3         4        15        70
         2         3        15        16        70
         2        15        16        70        83
         2         4        15        70        71
         2        15        70        71        82
         2        15        70        82        83
         2         2         3        16        69
         2         2        16        17        69
         2        16        17        69        84
         2         3        16        69        70
         2        16        69        70        83
         2        16        69        83        84
         2         1         2        17        68
         2         1         7        17        68
         2         7        17        68        74
         2         2        17        68        69
         2        17        68        69        84
         2        17        68        74        84
         2         7         8        18        75
         2         8        18        19        75
         2        18        19        75        86
         2         7        18        74        75
         2        18        74        75        85
         2        18        75        85        86
         2         8         9        19        76
         2         9        19        20        76
         2        19        20        76        87
         2         8        19        75        76
         2        19        75        76        86
         2        19        76        86        87
         2         9        10        20        77
         2        10        20        21        77
         2        20        21        77        88
         2         9        20        76        77
         2        20        76        77        87
         2        20        77        87        88
         2        10        11        21        78
         2        11        21        22        78
         2        21        22        78        89
         2        10        21        77        78
         2        21        77        78        88
         2        21        78        88        89
         2        11        12        22        79
         2        12        22        23        79
         2        22        23        79        90
         2        11        22        78        79
         2        22        78        79        89
         2        22        79        89        90
         2        12        13        23        80
         2        13        23        24        80
         2        23        24        80        91
         2        12        23        79        80
         2        23        79        80        90
         2        23        80        90        91
         2        13        14        24        81
         2        14        24        25        81
         2        24        25        81        92
         2        13        24        80        81
         2        24        80        81        91
         2        24        81        91        92
         2        14        15        25        82
         2        15        25        26        82
         2        25        26        82        93
         2        14        25        81        82
         2        25        81        82        92
         2        25        82        92        93
         2        15        16        26        83
         2        16        26        27        83
         2        26        27        83        94
         2        15        26        82        83
         2        26        82        83        93
         2        26        83        93        94
         2        16        17        27        84
         2        17        27        28        84
         2        27        28        84        95
         2        16        27        83        84
         2        27        83        84        94
         2        27        84        94        95
         2         7        17        28        74
         2         7        18        28        74
         2        18        28        74        85
         2        17        28        74        84
         2        28        74        84        95
         2        28        74        85        95
         2        18        19        29        86
         2        19        29        30        86
         2        29        30        86        97
         2        18        29        85        86
         2        29        85        86        96
         2        29        86        96        97
         2        19        20        30        87
         2        20        30        31        87
         2        30        31        87        98
         2        19        30        86        87
         2        30        86        87        97
         2        30        87        97        98
         2        20        21        31        88
         2        21        31        32        88
         2        31        32        88        99
         2        20        31        87        88
         2        31        87        88        98
         2        31        88        98        99
         2        21        22        32        89
         2        22        32        33        89
         2        32        33        89       100
         2        21        32        88        89
         2        32        88        89        99
         2        32        89        99       100
         2        22        23        33        90
         2        23        33        34        90
         2        33        34        90       101
         2        22        33        89        90
         2        33        89        90       100
         2        33        90       100       101
         2        23        24        34        91
         2        24        34        35        91
         2        34        35        91       102
         2        23        34        90        91
         2        34        90        91       101
         2        34        91       101       102
         2        24        25        35        92
         2        25        35        36        92
         2        35        36        92       103
         2        24        35        91        92
         2        35        91        92       102
         2        35        92       102       103
         2        25        26        36        93
         2        26        36        37        93
         2        36        37        93       104
         2        25        36        92        93
         2        36        92        93       103
         2        36        93       103       104
         2        26        27        37        94
         2        27        37        38        94
         2        37        38        94       105
         2        26        37        93        94
         2        37        93        94       104
         2        37        94       104       105
         2        27        28        38        95
         2        28        38        39        95
         2        38        39        95       106
         2        27        38        94        95
         2        38        94        95       105
         2        38        95       105       106
         2        18        28        39        85
         2        18        29        39        85
         2        29        39        85        96
         2        28        39        85        95
         2        39        85        95       106
         2        39        85        96       106
         2        29        30        40        97
         2        30        40        41        97
         2        40        41        97       108
         2        29        40        96        97
         2        40        96        97       107
         2        40        97       107       108
         2        30        31        41        98
         2        31        41        42        98
         2        41        42        98       109
         2        30        41        97        98
         2        41        97        98       108
         2        41        98       108       109
         2        31        32        42        99
         2        32        42        43        99
         2        42        43        99       110
         2        31        42        98        99
         2        42        98        99       109
         2        42        99       109       110
         2        32        33        43       100
         2        33        43        44       100
         2        43        44       100       111
         2        32        43        99       100
         2        43        99       100       110
         2        43       100       110       111
         2        33        34        44       101
         2        34        44        45       101
         2        44        45       101       112
         2        33        44       100       101
         2        44       100       101       111
         2        44       101       111       112
         2        34        35        45       102
         2        35        45        46       102
         2        45        46       102       113
         2        34        45       101       102
         2        45       101       102       112
         2        45       102       112       113
         2        35        36        46       103
         2        36        46        47       103
         2        46        47       103       114
         2        35        46       102       103
         2        46       102       103       113
         2        46       103       113       114
         2        36        37        47       104
         2        37        47        48       104
         2        47        48       104       115
         2        36        47       103       104
         2        47       103       104       114
         2        47       104       114       115
         2        37        38        48       105
         2        38        48        49       105
         2        48        49       105       116
         2        37        48       104       105
         2        48       104       105       115
         2        48       105       115       116
         2        38        39        49       106
         2        39        49        50       106
         2        49        50       106       117
         2        38        49       105       106
         2        49       105       106       116
         2        49       106       116       117
         2        29        39        50        96
         2        29        40        50        96
         2        40        50        96       107
         2        39        50        96       106
         2        50        96       106       117
         2        50        96       107       117
         2        40        41        51       108
         2        41        51        52       108
         2        51        52       108       119
         2        40        51       107       108
         2        51       107       108       118
         2        51       108       118       119
         2        41        42        52       109
         2        42        52        53       109
         2        52        53       109       120
         2        41        52       108       109
         2        52       108       109       119
         2        52       109       119       120
         2        42        43        53       110
         2        43        53        54       110
         2        53        54       110       121
         2        42        53       109       110
         2        53       109       110       120
         2        53       110       120       121
         2        43        44        54       111
         2        44        54        55       111
         2        54        55       111       122
         2        43        54       110       111
         2        54       110       111       121
         2        54       111       121       122
         2        44        45        55       112
         2        45        55        56       112
         2        55        56       112       123
         2        44        55       111       112
         2        55       111       112       122
         2        55       112       122       123
         2        45        46        56       113
         2        46        56        57       113
         2        56        57       113       124
         2        45        56       112       113
         2        56       112       113       123
         2        56       113       123       124
         2        46        47        57       114
         2        47        57        58       114
         2        57        58       114       125
         2        46        57       113       114
         2        57       113       114       124
         2        57       114       124       125
         2        47        48        58       115
         2        48        58        59       115
         2        58        59       115       126
         2        47        58       114       115
         2        58       114       115       125
         2        58       115       125       126
         2        48        49        59       116
         2        49        59        60       116
         2        59        60       116       127
         2        48        59       115       116
         2        59       115       116       126
         2        59       116       126       127
         2        49        50        60       117
         2        50        60        61       117
         2        60        61       117       128
         2        49        60       116       117
         2        60       116       117       127
         2        60       117       127       128
         2        40        50        61       107
         2        40        51        61       107
         2        51        61       107       118
         2        50        61       107       117
         2        61       107       117       128
         2        61       107       118       128
         2        51        52        62       119
         2        52        62        63       119
         2        62        63       119       130
         2        51        62       118       119
         2        62       118       119       129
         2        62       119       129       130
         2        52        53        63       120
         2        53        63        64       120
         2        63        64       120       131
         2        52        63       119       120
         2        63       119       120       130
         2        63       120       130       131
         2        53        54        64       121
         2        54        64        65       121
         2        64        65       121       132
         2        53        64       120       121
         2        64       120       121       131
         2        64       121       131       132
         2        54        55        65       122
         2        55        65        66       122
         2        65        66       122       133
         2        54        65       121       122
         2        65       121       122       132
         2        65       122       132       133
         2        55        56        66       123
         2        56        66        67       123
         2        66        67       123       134
         2        55        66       122       123
         2        66       122       123       133
         2        66       123       133       134
         2        56        57        67       124
         2        57        67        67       124
         2        67        67       124       134
         2        56        67       123       124
         2        67       123       124       134
         2        67       124       134       134
         2        57        58        67       125
         2        58        66        67       125
         2        66        67       125       133
         2        57        67       124       125
         2        67       124       125       134
         2        67       125       133       134
         2        58        59        66       126
         2        59        65        66       126
         2        65        66       126       132
         2        58        66       125       126
         2        66       125       126       133
         2        66       126       132       133
         2        59        60        65       127
         2        60        64        65       127
         2        64        65       127       131
         2        59        65       126       127
         2        65       126       127       132
         2        65       127       131       132
         2        60        61        64       128
         2        61        63        64       128
         2        63        64       128       130
         2        60        64       127       128
         2        64       127       128       131
         2        64       128       130       131
         2        51        61        63       118
         2        51        62        63       118
         2        62        63       118       129
         2        61        63       118       128
         2        63       118       128       130
         2        63       118       129       130
         2        51        62        63       130
         2        51        61        63       130
         2        51        61       128       130
         2        51        62       129       130
         2        51       118       129       130
         2        51       118       128       130
         2        61        63        64       131
         2        60        61        64       131
         2        60        61       127       131
         2        61        63       130       131
         2        61       128       130       131
         2        61       127       128       131
         2        60        64        65       132
         2        59        60        65       132
         2        59        60       126       132
         2        60        64       131       132
         2        60       127       131       132
         2        60       126       127       132
         2        59        65        66       133
         2        58        59        66       133
         2        58        59       125       133
         2        59        65       132       133
         2        59       126       132       133
         2        59       125       126       133
         2        58        66        67       134
         2        57        58        67       134
         2        57        58       124       134
         2        58        66       133       134
         2        58       125       133       134
         2        58       124       125       134
         2        57        67        67       134
         2        56        57        67       134
         2        56        57       123       134
         2        57        67       134       134
         2        57       124       134       134
         2        57       123       124       134
         2        56        66        67       133
         2        55        56        66       133
         2        55        56       122       133
         2        56        67       133       134
         2        56       123       133       134
         2        56       122       123       133
         2        55        65        66       132
         2        54        55        65       132
         2        54        55       121       132
         2        55        66       132       133
         2        55       122       132       133
         2        55       121       122       132
         2        54        64        65       131
         2        53        54        64       131
         2        53        54       120       131
         2        54        65       131       132
         2        54       121       131       132
         2        54       120       121       131
         2        53        63        64       130
         2        52        53        63       130
         2        52        53       119       130
         2        53        64       130       131
         2        53       120       130       131
         2        53       119       120       130
         2        52        62        63       129
         2        51        52        62       129
         2        51        52       118       129
         2        52        63       129       130
         2        52       119       129       130
         2        52       118       119       129
         2        40        51        61       128
         2        40        50        61       128
         2        40        50       117       128
         2        40        51       118       128
         2        40       107       118       128
         2        40       107       117       128
         2        50        60        61       127
         2        49        50        60       127
         2        49        50       116       127
         2        50        61       127       128
         2        50       117       127       128
         2        50       116       117       127
         2        49        59        60       126
         2        48        49        59       126
         2        48        49       115       126
         2        49        60       126       127
         2        49       116       126       127
         2        49       115       116       126
         2        48        58        59       125
         2        47        48        58       125
         2        47        48       114       125
         2        48        59       125       126
         2        48       115       125       126
         2        48       114       115       125
         2        47        57        58       124
         2        46        47        57       124
         2        46        47       113       124
         2        47        58       124       125
         2        47       114       124       125
         2        47       113       114       124
         2        46        56        57       123
         2        45        46        56       123
         2        45        46       112       123
         2        46        57       123       124
         2        46       113       123       124
         2        46       112       113       123
         2        45        55        56       122
         2        44        45        55       122
         2        44        45       111       122
         2        45        56       122       123
         2        45       112       122       123
         2        45       111       112       122
         2        44        54        55       121
         2        43        44        54       121
         2        43        44       110       121
         2        44        55       121       122
         2        44       111       121       122
         2        44       110       111       121
         2        43        53        54       120
         2        42        43        53       120
         2        42        43       109       120
         2        43        54       120       121
         2        43       110       120       121
         2        43       109       110       120
         2        42        52        53       119
         2        41        42        52       119
         2        41        42       108       119
         2        42        53       119       120
         2        42       109       119       120
         2        42       108       109       119
         2        41        51        52       118
         2        40        41        51       118
         2        40        41       107       118
         2        41        52       118       119
         2        41       108       118       119
         2        41       107       108       118
         2        29        40        50       117
         2        29        39        50       117
         2        29        39       106       117
         2        29        40       107       117
         2        29        96       107       117
         2        29        96       106       117
         2        39        49        50       116
         2        38        39        49       116
         2        38        39       105       116
         2        39        50       116       117
         2        39       106       116       117
         2        39       105       106       116
         2        38        48        49       115
         2        37        38        48       115
         2        37        38       104       115
         2        38        49       115       116
         2        38       105       115       116
         2        38       104       105       115
         2        37        47        48       114
         2        36        37        47       114
         2        36        37       103       114
         2        37        48       114       115
         2        37       104       114       115
         2        37       103       104       114
         2        36        46        47       113
         2        35        36        46       113
         2        35        36       102       113
         2        36        47       113       114
         2        36       103       113       114
         2        36       102       103       113
         2        35        45        46       112
         2        34        35        45       112
         2        34        35       101       112
         2        35        46       112       113
         2        35       102       112       113
         2        35       101       102       112
         2        34        44        45       111
         2        33        34        44       111
         2        33        34       100       111
         2        34        45       111       112
         2        34       101       111       112
         2        34       100       101       111
         2        33        43        44       110
         2        32        33        43       110
         2        32        33        99       110
         2        33        44       110       111
         2        33       100       110       111
         2        33        99       100       110
         2        32        42        43       109
         2        31        32        42       109
         2        31        32        98       109
         2        32        43       109       110
         2        32        99       109       110
         2        32        98        99       109
         2        31        41        42       108
         2        30        31        41       108
         2        30        31        97       108
         2        31        42       108       109
         2        31        98       108       109
         2        31        97        98       108
         2        30        40        41       107
         2        29        30        40       107
         2        29        30        96       107
         2        30        41       107       108
         2        30        97       107       108
         2        30        96        97       107
         2        18        29        39       106
         2        18        28        39       106
         2        18        28        95       106
         2        18        29        96       106
         2        18        85        96       106
         2        18        85        95       106
         2        28        38        39       105
         2        27        28        38       105
         2        27        28        94       105
         2        28        39       105       106
         2        28        95       105       106
         2        28        94        95       105
         2        27        37        38       104
         2        26        27        37       104
         2        26        27        93       104
         2        27        38       104       105
         2        27        94       104       105
         2        27        93        94       104
         2        26        36        37       103
         2        25        26        36       103
         2        25        26        92       103
         2        26        37       103       104
         2        26        93       103       104
         2        26        92        93       103
         2        25        35        36       102
         2        24        25        35       102
         2        24        25        91       102
         2        25        36       102       103
         2        25        92       102       103
         2        25        91        92       102
         2        24        34        35       101
         2        23        24        34       101
         2        23        24        90       101
         2        24        35       101       102
         2        24        91       101       102
         2        24        90        91       101
         2        23        33        34       100
         2        22        23        33       100
         2        22        23        89       100
         2        23        34       100       101
         2        23        90       100       101
         2        23        89        90       100
         2        22        32        33        99
         2        21        22        32        99
         2        21        22        88        99
         2        22        33        99       100
         2        22        89        99       100
         2        22        88        89        99
         2        21        31        32        98
         2        20        21        31        98
         2        20        21        87        98
         2        21        32        98        99
         2        21        88        98        99
         2        21        87        88        98
         2        20        30        31        97
         2        19        20        30        97
         2        19        20        86        97
         2        20        31        97        98
         2        20        87        97        98
         2        20        86        87        97
         2        19        29        30        96
         2        18        19        29        96
         2        18        19        85        96
         2        19        30        96        97
         2        19        86        96        97
         2        19        85        86        96
         2         7        18        28        95
         2         7        17        28        95
         2         7        17        84        95
         2         7        18        85        95
         2         7        74        85        95
         2         7        74        84        95
         2        17        27        28        94
         2        16        17        27        94
         2        16        17        83        94
         2        17        28        94        95
         2        17        84        94        95
         2        17        83        84        94
         2        16        26        27        93
         2        15        16        26        93
         2        15        16        82        93
         2        16        27        93        94
         2        16        83        93        94
         2        16        82        83        93
         2        15        25        26        92
         2        14        15        25        92
         2        14        15        81        92
         2        15        26        92        93
         2        15        82        92        93
         2        15        81        82        92
         2        14        24        25        91
         2        13        14        24        91
         2        13        14        80        91
         2        14        25        91        92
         2        14        81        91        92
         2        14        80        81        91
         2        13        23        24        90
         2        12        13        23        90
         2        12        13        79        90
         2        13        24        90        91
         2        13        80        90        91
         2        13        79        80        90
         2        12        22        23        89
         2        11        12        22        89
         2        11        12        78        89
         2        12        23        89        90
         2        12        79        89        90
         2        12        78        79        89
         2        11        21        22        88
         2        10        11        21        88
         2        10        11        77        88
         2        11        22        88        89
         2        11        78        88        89
         2        11        77        78        88
         2        10        20        21        87
         2         9        10        20        87
         2         9        10        76        87
         2        10        21        87        88
         2        10        77        87        88
         2        10        76        77        87
         2         9        19        20        86
         2         8         9        19        86
         2         8         9        75        86
         2         9        20        86        87
         2         9        76        86        87
         2         9        75        76        86
         2         8        18        19        85
         2         7         8        18        85
         2         7         8        74        85
         2         8        19        85        86
         2         8        75        85        86
         2         8        74        75        85
         2         1         7        17        84
         2         1         2        17        84
         2         1         2        69        84
         2         1         7        74        84
         2         1        68        74        84
         2         1        68        69        84
         2         2        16        17        83
         2         2         3        16        83
         2         2         3        70        83
         2         2        17        83        84
         2         2        69        83        84
         2         2        69        70        83
         2         3        15        16        82
         2         3         4        15        82
         2         3         4        71        82
         2         3        16        82        83
         2         3        70        82        83
         2         3        70        71        82
         2         4        14        15        81
         2         4         5        14        81
         2         4         5        72        81
         2         4        15        81        82
         2         4        71        81        82
         2         4        71        72        81
         2         5        13        14        80
         2         5         6        13        80
         2         5         6        73        80
         2         5        14        80        81
         2         5        72        80        81
         2         5        72        73        80
         2         6        12        13        79
         2         6         6        12        79
         2         6         6        73        79
         2         6        13        79        80
         2         6        73        79        80
         2         6        73        73        79
         2         6        11        12        78
         2         5         6        11        78
         2         5         6        72        78
         2         6        12        78        79
         2         6        73        78        79
         2         6        72        73        78
         2         5        10        11        77
         2         4         5        10        77
         2         4         5        71        77
         2         5        11        77        78
         2         5        72        77        78
         2         5        71        72        77
         2         4         9        10        76
         2         3         4         9        76
         2         3         4        70        76
         2         4        10        76        77
         2         4        71        76        77
         2         4        70        71        76
         2         3         8         9        75
         2         2         3         8        75
         2         2         3        69        75
         2         3         9        75        76
         2         3        70        75        76
         2         3        69        70        75
         2         2         7         8        74
         2         1         2         7        74
         2         1         2        68        74
         2         2         8        74        75
         2         2        69        74        75
         2         2        68        69        74
         2        68        69        74       136
         2        69        74        75       136
         2        74        75       136       142
         2        68        74       135       136
         2        74       135       136       141
         2        74       136       141       142
         2        69        70        75       137
         2        70        75        76       137
         2        75        76       137       143
         2        69        75       136       137
         2        75       136       137       142
         2        75       137       142       143
         2        70        71        76       138
         2        71        76        77       138
         2        76        77       138       144
         2        70        76       137       138
         2        76       137       138       143
         2        76       138       143       144
         2        71        72        77       139
         2        72        77        78       139
         2        77        78       139       145
         2        71        77       138       139
         2        77       138       139       144
         2        77       139       144       145
         2        72        73        78       140
         2        73        78        79       140
         2        78        79       140       146
         2        72        78       139       140
         2        78       139       140       145
         2        78       140       145       146
         2        73        73        79       140
         2        73        79        80       140
         2        79        80       140       147
         2        73        79       140       140
         2        79       140       140       146
         2        79       140       146       147
         2        72        73        80       139
         2        72        80        81       139
         2        80        81       139       148
         2        73        80       139       140
         2        80       139       140       147
         2        80       139       147       148
         2        71        72        81       138
         2        71        81        82       138
         2        81        82       138       149
         2        72        81       138       139
         2        81       138       139       148
         2        81       138       148       149
         2        70        71        82       137
         2        70        82        83       137
         2        82        83       137       150
         2        71        82       137       138
         2        82       137       138       149
         2        82       137       149       150
         2        69        70        83       136
         2        69        83        84       136
         2        83        84       136       151
         2        70        83       136       137
         2        83       136       137       150
         2        83       136       150       151
         2        68        69        84       135
         2        68        74        84       135
         2        74        84       135       141
         2        69        84       135       136
         2        84       135       136       151
         2        84       135       141       151
         2        74        75        85       142
         2        75        85        86       142
         2        85        86       142       153
         2        74        85       141       142
         2        85       141       142       152
         2        85       142       152       153
         2        75        76        86       143
         2        76        86        87       143
         2        86        87       143       154
         2        75        86       142       143
         2        86       142       143       153
         2        86       143       153       154
         2        76        77        87       144
         2        77        87        88       144
         2        87        88       144       155
         2        76        87       143       144
         2        87       143       144       154
         2        87       144       154       155
         2        77        78        88       145
         2        78        88        89       145
         2        88        89       145       156
         2        77        88       144       145
         2        88       144       145       155
         2        88       145       155       156
         2        78        79        89       146
         2        79        89        90       146
         2        89        90       146       157
         2        78        89       145       146
         2        89       145       146       156
         2        89       146       156       157
         2        79        80        90       147
         2        80        90        91       147
         2        90        91       147       158
         2        79        90       146       147
         2        90       146       147       157
         2        90       147       157       158
         2        80        81        91       148
         2        81        91        92       148
         2        91        92       148       159
         2        80        91       147       148
         2        91       147       148       158
         2        91       148       158       159
         2        81        82        92       149
         2        82        92        93       149
         2        92        93       149       160
         2        81        92       148       149
         2        92       148       149       159
         2        92       149       159       160
         2        82        83        93       150
         2        83        93        94       150
         2        93        94       150       161
         2        82        93       149       150
         2        93       149       150       160
         2        93       150       160       161
         2        83        84        94       151
         2        84        94        95       151
         2        94        95       151       162
         2        83        94       150       151
         2        94       150       151       161
         2        94       151       161       162
         2        74        84        95       141
         2        74        85        95       141
         2        85        95       141       152
         2        84        95       141       151
         2        95       141       151       162
         2        95       141       152       162
         2        85        86        96       153
         2        86        96        97       153
         2        96        97       153       164
         2        85        96       152       153
         2        96       152       153       163
         2        96       153       163       164
         2        86        87        97       154
         2        87        97        98       154
         2        97        98       154       165
         2        86        97       153       154
         2        97       153       154       164
         2        97       154       164       165
         2        87        88        98       155
         2        88        98        99       155
         2        98        99       155       166
         2        87        98       154       155
         2        98       154       155       165
         2        98       155       165       166
         2        88        89        99       156
         2        89        99       100       156
         2        99       100       156       167
         2        88        99       155       156
         2        99       155       156       166
         2        99       156       166       167
         2        89        90       100       157
         2        90       100       101       157
         2       100       101       157       168
         2        89       100       156       157
         2       100       156       157       167
         2       100       157       167       168
         2        90        91       101       158
         2        91       101       102       158
         2       101       102       158       169
         2        90       101       157       158
         2       101       157       158       168
         2       101       158       168       169
         2        91        92       102       159
         2        92       102       103       159
         2       102       103       159       170
         2        91       102       158       159
         2       102       158       159       169
         2       102       159       169       170
         2        92        93       103       160
         2        93       103       104       160
         2       103       104       160       171
         2        92       103       159       160
         2       103       159       160       170
         2       103       160       170       171
         2        93        94       104       161
         2        94       104       105       161
         2       104       105       161       172
         2        93       104       160       161
         2       104       160       161       171
         2       104       161       171       172
         2        94        95       105       162
         2        95       105       106       162
         2       105       106       162       173
         2        94       105       161       162
         2       105       161       162       172
         2       105       162       172       173
         2        85        95       106       152
         2        85        96       106       152
         2        96       106       152       163
         2        95       106       152       162
         2       106       152       162       173
         2       106       152       163       173
         2        96        97       107       164
         2        97       107       108       164
         2       107       108       164       175
         2        96       107       163       164
         2       107       163       164       174
         2       107       164       174       175
         2        97        98       108       165
         2        98       108       109       165
         2       108       109       165       176
         2        97       108       164       165
         2       108       164       165       175
         2       108       165       175       176
         2        98        99       109       166
         2        99       109       110       166
         2       109       110       166       177
         2        98       109       165       166
         2       109       165       166       176
         2       109       166       176       177
         2        99       100       110       167
         2       100       110       111       167
         2       110       111       167       178
         2        99       110       166       167
         2       110       166       167       177
         2       110       167       177       178
         2       100       101       111       168
         2       101       111       112       168
         2       111       112       168       179
         2       100       111       167       168
         2       111       167       168       178
         2       111       168       178       179
         2       101       102       112       169
         2       102       112       113       169
         2       112       113       169       180
         2       101       112       168       169
         2       112       168       169       179
         2       112       169       179       180
         2       102       103       113       170
         2       103       113       114       170
         2       113       114       170       181
         2       102       113       169       170
         2       113       169       170       180
         2       113       170       180       181
         2       103       104       114       171
         2       104       114       115       171
         2       114       115       171       182
         2       103       114       170       171
         2       114       170       171       181
         2       114       171       181       182
         2       104       105       115       172
         2       105       115       116       172
         2       115       116       172       183
         2       104       115       171       172
         2       115       171       172       182
         2       115       172       182       183
         2       105       106       116       173
         2       106       116       117       173
         2       116       117       173       184
         2       105       116       172       173
         2       116       172       173       183
         2       116       173       183       184
         2        96       106       117       163
         2        96       107       117       163
         2       107       117       163       174
         2       106       117       163       173
         2       117       163       173       184
         2       117       163       174       184
         2       107       108       118       175
         2       108       118       119       175
         2       118       119       175       186
         2       107       118       174       175
         2       118       174       175       185
         2       118       175       185       186
         2       108       109       119       176
         2       109       119       120       176
         2       119       120       176       187
         2       108       119       175       176
         2       119       175       176       186
         2       119       176       186       187
         2       109       110       120       177
         2       110       120       121       177
         2       120       121       177       188
         2       109       120       176       177
         2       120       176       177       187
         2       120       177       187       188
         2       110       111       121       178
         2       111       121       122       178
         2       121       122       178       189
         2       110       121       177       178
         2       121       177       178       188
         2       121       178       188       189
         2       111       112       122       179
         2       112       122       123       179
         2       122       123       179       190
         2       111       122       178       179
         2       122       178       179       189
         2       122       179       189       190
         2       112       113       123       180
         2       113       123       124       180
         2       123       124       180       191
         2       112       123       179       180
         2       123       179       180       190
         2       123       180       190       191
         2       113       114       124       181
         2       114       124       125       181
         2       124       125       181       192
         2       113       124       180       181
         2       124       180       181       191
         2       124       181       191       192
         2       114       115       125       182
         2       115       125       126       182
         2       125       126       182       193
         2       114       125       181       182
         2       125       181       182       192
         2       125       182       192       193
         2       115       116       126       183
         2       116       126       127       183
         2       126       127       183       194
         2       115       126       182       183
         2       126       182       183       193
         2       126       183       193       194
         2       116       117       127       184
         2       117       127       128       184
         2       127       128       184       195
         2       116       127       183       184
         2       127       183       184       194
         2       127       184       194       195
         2       107       117       128       174
         2       107       118       128       174
         2       118       128       174       185
         2       117       128       174       184
         2       128       174       184       195
         2       128       174       185       195
         2       118       119       129       186
         2       119       129       130       186
         2       129       130       186       197
         2       118       129       185       186
         2       129       185       186       196
         2       129       186       196       197
         2       119       120       130       187
         2       120       130       131       187
         2       130       131       187       198
         2       119       130       186       187
         2       130       186       187       197
         2       130       187       197       198
         2       120       121       131       188
         2       121       131       132       188
         2       131       132       188       199
         2       120       131       187       188
         2       131       187       188       198
         2       131       188       198       199
         2       121       122       132       189
         2       122       132       133       189
         2       132       133       189       200
         2       121       132       188       189
         2       132       188       189       199
         2       132       189       199       200
         2       122       123       133       190
         2       123       133       134       190
         2       133       134       190       201
         2       122       133       189       190
         2       133       189       190       200
         2       133       190       200       201
         2       123       124       134       191
         2       124       134       134       191
         2       134       134       191       201
         2       123       134       190       191
         2       134       190       191       201
         2       134       191       201       201
         2       124       125       134       192
         2       125       133       134       192
         2       133       134       192       200
         2       124       134       191       192
         2       134       191       192       201
         2       134       192       200       201
         2       125       126       133       193
         2       126       132       133       193
         2       132       133       193       199
         2       125       133       192       193
         2       133       192       193       200
         2       133       193       199       200
         2       126       127       132       194
         2       127       131       132       194
         2       131       132       194       198
         2       126       132       193       194
         2       132       193       194       199
         2       132       194       198       199
         2       127       128       131       195
         2       128       130       131       195
         2       130       131       195       197
         2       127       131       194       195
         2       131       194       195       198
         2       131       195       197       198
         2       118       128       130       185
         2       118       129       130       185
         2       129       130       185       196
         2       128       130       185       195
         2       130       185       195       197
         2       130       185       196       197
         2       118       129       130       197
         2       118       128       130       197
         2       118       128       195       197
         2       118       129       196       197
         2       118       185       196       197
         2       118       185       195       197
         2       128       130       131       198
         2       127       128       131       198
         2       127       128       194       198
         2       128       130       197       198
         2       128       195       197       198
         2       128       194       195       198
         2       127       131       132       199
         2       126       127       132       199
         2       126       127       193       199
         2       127       131       198       199
         2       127       194       198       199
         2       127       193       194       199
         2       126       132       133       200
         2       125       126       133       200
         2       125       126       192       200
         2       126       132       199       200
         2       126       193       199       200
         2       126       192       193       200
         2       125       133       134       201
         2       124       125       134       201
         2       124       125       191       201
         2       125       133       200       201
         2       125       192       200       201
         2       125       191       192       201
         2       124       134       134       201
         2       123       124       134       201
         2       123       124       190       201
         2       124       134       201       201
         2       124       191       201       201
         2       124       190       191       201
         2       123       133       134       200
         2       122       123       133       200
         2       122       123       189       200
         2       123       134       200       201
         2       123       190       200       201
         2       123       189       190       200
         2       122       132       133       199
         2       121       122       132       199
         2       121       122       188       199
         2       122       133       199       200
         2       122       189       199       200
         2       122       188       189       199
         2       121       131       132       198
         2       120       121       131       198
         2       120       121       187       198
         2       121       132       198       199
         2       121       188       198       199
         2       121       187       188       198
         2       120       130       131       197
         2       119       120       130       197
         2       119       120       186       197
         2       120       131       197       198
         2       120       187       197       198
         2       120       186       187       197
         2       119       129       130       196
         2       118       119       129       196
         2       118       119       185       196
         2       119       130       196       197
         2       119       186       196       197
         2       119       185       186       196
         2       107       118       128       195
         2       107       117       128       195
         2       107       117       184       195
         2       107       118       185       195
         2       107       174       185       195
         2       107       174       184       195
         2       117       127       128       194
         2       116       117       127       194
         2       116       117       183       194
         2       117       128       194       195
         2       117       184       194       195
         2       117       183       184       194
         2       116       126       127       193
         2       115       116       126       193
         2       115       116       182       193
         2       116       127       193       194
         2       116       183       193       194
         2       116       182       183       193
         2       115       125       126       192
         2       114       115       125       192
         2       114       115       181       192
         2       115       126       192       193
         2       115       182       192       193
         2       115       181       182       192
         2       114       124       125       191
         2       113       114       124       191
         2       113       114       180       191
         2       114       125       191       192
         2       114       181       191       192
         2       114       180       181       191
         2       113       123       124       190
         2       112       113       123       190
         2       112       113       179       190
         2       113       124       190       191
         2       113       180       190       191
         2       113       179       180       190
         2       112       122       123       189
         2       111       112       122       189
         2       111       112       178       189
         2       112       123       189       190
         2       112       179       189       190
         2       112       178       179       189
         2       111       121       122       188
         2       110       111       121       188
         2       110       111       177       188
         2       111       122       188       189
         2       111       178       188       189
         2       111       177       178       188
         2       110       120       121       187
         2       109       110       120       187
         2       109       110       176       187
         2       110       121       187       188
         2       110       177       187       188
         2       110       176       177       187
         2       109       119       120       186
         2       108       109       119       186
         2       108       109       175       186
         2       109       120       186       187
         2       109       176       186       187
         2       109       175       176       186
         2       108       118       119       185
         2       107       108       118       185
         2       107       108       174       185
         2       108       119       185       186
         2       108       175       185       186
         2       108       174       175       185
         2        96       107       117       184
         2        96       106       117       184
         2        96       106       173       184
         2        96       107       174       184
         2        96       163       174       184
         2        96       163       173       184
         2       106       116       117       183
         2       105       106       116       183
         2       105       106       172       183
         2       106       117       183       184
         2       106       173       183       184
         2       106       172       173       183
         2       105       115       116       182
         2       104       105       115       182
         2       104       105       171       182
         2       105       116       182       183
         2       105       172       182       183
         2       105       171       172       182
         2       104       114       115       181
         2       103       104       114       181
         2       103       104       170       181
         2       104       115       181       182
         2       104       171       181       182
         2       104       170       171       181
         2       103       113       114       180
         2       102       103       113       180
         2       102       103       169       180
         2       103       114       180       181
         2       103       170       180       181
         2       103       169       170       180
         2       102       112       113       179
         2       101       102       112       179
         2       101       102       168       179
         2       102       113       179       180
         2       102       169       179       180
         2       102       168       169       179
         2       101       111       112       178
         2       100       101       111       178
         2       100       101       167       178
         2       101       112       178       179
         2       101       168       178       179
         2       101       167       168       178
         2       100       110       111       177
         2        99       100       110       177
         2        99       100       166       177
         2       100       111       177       178
         2       100       167       177       178
         2       100       166       167       177
         2        99       109       110       176
         2        98        99       109       176
         2        98        99       165       176
         2        99       110       176       177
         2        99       166       176       177
         2        99       165       166       176
         2        98       108       109       175
         2        97        98       108       175
         2        97        98       164       175
         2        98       109       175       176
         2        98       165       175       176
         2        98       164       165       175
         2        97       107       108       174
         2        96        97       107       174
         2        96        97       163       174
         2        97       108       174       175
         2        97       164       174       175
         2        97       163       164       174
         2        85        96       106       173
         2        85        95       106       173
         2        85        95       162       173
         2        85        96       163       173
         2        85       152       163       173
         2        85       152       162       173
         2        95       105       106       172
         2        94        95       105       172
         2        94        95       161       172
         2        95       106       172       173
         2        95       162       172       173
         2        95       161       162       172
         2        94       104       105       171
         2        93        94       104       171
         2        93        94       160       171
         2        94       105       171       172
         2        94       161       171       172
         2        94       160       161       171
         2        93       103       104       170
         2        92        93       103       170
         2        92        93       159       170
         2        93       104       170       171
         2        93       160       170       171
         2        93       159       160       170
         2        92       102       103       169
         2        91        92       102       169
         2        91        92       158       169
         2        92       103       169       170
         2        92       159       169       170
         2        92       158       159       169
         2        91       101       102       168
         2        90        91       101       168
         2        90        91       157       168
         2        91       102       168       169
         2        91       158       168       169
         2        91       157       158       168
         2        90       100       101       167
         2        89        90       100       167
         2        89        90       156       167
         2        90       101       167       168
         2        90       157       167       168
         2        90       156       157       167
         2        89        99       100       166
         2        88        89        99       166
         2        88        89       155       166
         2        89       100       166       167
         2        89       156       166       167
         2        89       155       156       166
         2        88        98        99       165
         2        87        88        98       165
         2        87        88       154       165
         2        88        99       165       166
         2        88       155       165       166
         2        88       154       155       165
         2        87        97        98       164
         2        86        87        97       164
         2        86        87       153       164
         2        87        98       164       165
         2        87       154       164       165
         2        87       153       154       164
         2        86        96        97       163
         2        85        86        96       163
         2        85        86       152       163
         2        86        97       163       164
         2        86       153       163       164
         2        86       152       153       163
         2        74        85        95       162
         2        74        84        95       162
         2        74        84       151       162
         2        74        85       152       162
         2        74       141       152       162
         2        74       141       151       162
         2        84        94        95       161
         2        83        84        94       161
         2        83        84       150       161
         2        84        95       161       162
         2        84       151       161       162
         2        84       150       151       161
         2        83        93        94       160
         2        82        83        93       160
         2        82        83       149       160
         2        83        94       160       161
         2        83       150       160       161
         2        83       149       150       160
         2        82        92        93       159
         2        81        82        92       159
         2        81        82       148       159
         2        82        93       159       160
         2        82       149       159       160
         2        82       148       149       159
         2        81        91        92       158
         2        80        81        91       158
         2        80        81       147       158
         2        81        92       158       159
         2        81       148       158       159
         2        81       147       148       158
         2        80        90        91       157
         2        79        80        90       157
         2        79        80       146       157
         2        80        91       157       158
         2        80       147       157       158
         2        80       146       147       157
         2        79        89        90       156
         2        78        79        89       156
         2        78        79       145       156
         2        79        90       156       157
         2        79       146       156       157
         2        79       145       146       156
         2        78        88        89       155
         2        77        78        88       155
         2        77        78       144       155
         2        78        89       155       156
         2        78       145       155       156
         2        78       144       145       155
         2        77        87        88       154
         2        76        77        87       154
         2        76        77       143       154
         2        77        88       154       155
         2        77       144       154       155
         2        77       143       144       154
         2        76        86        87       153
         2        75        76        86       153
         2        75        76       142       153
         2        76        87       153       154
         2        76       143       153       154
         2        76       142       143       153
         2        75        85        86       152
         2        74        75        85       152
         2        74        75       141       152
         2        75        86       152       153
         2        75       142       152       153
         2        75       141       142       152
         2        68        74        84       151
         2        68        69        84       151
         2        68        69       136       151
         2        68        74       141       151
         2        68       135       141       151
         2        68       135       136       151
         2        69        83        84       150
         2        69        70        83       150
         2        69        70       137       150
         2        69        84       150       151
         2        69       136       150       151
         2        69       136       137       150
         2        70        82        83       149
         2        70        71        82       149
         2        70        71       138       149
         2        70        83       149       150
         2        70       137       149       150
         2        70       137       138       149
         2        71        81        82       148
         2        71        72        81       148
         2        71        72       139       148
         2        71        82       148       149
         2        71       138       148       149
         2        71       138       139       148
         2        72        80        81       147
         2        72        73        80       147
         2        72        73       140       147
         2        72        81       147       148
         2        72       139       147       148
         2        72       139       140       147
         2        73        79        80       146
         2        73        73        79       146
         2        73        73       140       146
         2        73        80       146       147
         2        73       140       146       147
         2        73       140       140       146
         2        73        78        79       145
         2        72        73        78       145
         2        72        73       139       145
         2        73        79       145       146
         2        73       140       145       146
         2        73       139       140       145
         2        72        77        78       144
         2        71        72        77       144
         2        71        72       138       144
         2        72        78       144       145
         2        72       139       144       145
         2        72       138       139       144
         2        71        76        77       143
         2        70        71        76       143
         2        70        71       137       143
         2        71        77       143       144
         2        71       138       143       144
         2        71       137       138       143
         2        70        75        76       142
         2        69        70        75       142
         2        69        70       136       142
         2        70        76       142       143
         2        70       137       142       143
         2        70       136       137       142
         2        69        74        75       141
         2        68        69        74       141
         2        68        69       135       141
         2        69        75       141       142
         2        69       136       141       142
         2        69       135       136       141
