Automatically generated mesh
     197
Reciprocal lattice
    0.00000000000000    0.00000000000000    0.00000000000000             1
    0.12500000000000    0.00000000000000    0.00000000000000             2
    0.25000000000000    0.00000000000000   -0.00000000000001             2
    0.37500000000000    0.00000000000000   -0.00000000000000             2
    0.50000000000000   -0.00000000000000    0.00000000000000             1
   -0.00000000000000    0.14285714285715    0.00000000000000             2
    0.12500000000000    0.14285714285715   -0.00000000000001             2
    0.25000000000000    0.14285714285715   -0.00000000000000             2
    0.37500000000000    0.14285714285715    0.00000000000000             2
    0.50000000000000    0.14285714285715   -0.00000000000000             2
   -0.37500000000000    0.14285714285715    0.00000000000000             2
   -0.25000000000000    0.14285714285715   -0.00000000000000             2
   -0.12500000000000    0.14285714285715    0.00000000000000             2
    0.00000000000000    0.28571428571428   -0.00000000000001             2
    0.12500000000000    0.28571428571428   -0.00000000000000             2
    0.25000000000000    0.28571428571428    0.00000000000000             2
    0.37500000000000    0.28571428571428    0.00000000000001             2
    0.50000000000000    0.28571428571428   -0.00000000000000             2
   -0.37500000000000    0.28571428571428   -0.00000000000000             2
   -0.25000000000000    0.28571428571428    0.00000000000000             2
   -0.12500000000000    0.28571428571428   -0.00000000000000             2
   -0.00000000000000    0.42857142857143   -0.00000000000000             2
    0.12500000000000    0.42857142857143    0.00000000000000             2
    0.25000000000000    0.42857142857143    0.00000000000001             2
    0.37500000000000    0.42857142857143   -0.00000000000000             2
    0.50000000000000    0.42857142857143    0.00000000000000             2
   -0.37500000000000    0.42857142857143    0.00000000000000             2
   -0.25000000000000    0.42857142857143   -0.00000000000000             2
   -0.12500000000000    0.42857142857143    0.00000000000000             2
   -0.00000000000000   -0.00000000000000    0.14285714285714             2
    0.12500000000000   -0.00000000000000    0.14285714285714             2
    0.25000000000000   -0.00000000000000    0.14285714285715             2
    0.37500000000000   -0.00000000000000    0.14285714285714             2
    0.50000000000000    0.00000000000000    0.14285714285714             2
   -0.37500000000000    0.00000000000000    0.14285714285714             2
   -0.25000000000000   -0.00000000000000    0.14285714285715             2
   -0.12500000000000   -0.00000000000000    0.14285714285714             2
    0.00000000000000    0.14285714285715    0.14285714285714             2
    0.12500000000000    0.14285714285715    0.14285714285715             2
    0.25000000000000    0.14285714285715    0.14285714285714             2
    0.37500000000000    0.14285714285715    0.14285714285714             2
    0.50000000000000    0.14285714285715    0.14285714285714             2
   -0.37500000000000    0.14285714285715    0.14285714285715             2
   -0.25000000000000    0.14285714285715    0.14285714285714             2
   -0.12500000000000    0.14285714285715    0.14285714285714             2
    0.00000000000000    0.28571428571428    0.14285714285715             2
    0.12500000000000    0.28571428571428    0.14285714285715             2
    0.25000000000000    0.28571428571428    0.14285714285714             2
    0.37500000000000    0.28571428571428    0.14285714285714             2
    0.50000000000000    0.28571428571428    0.14285714285715             2
   -0.37500000000000    0.28571428571428    0.14285714285714             2
   -0.25000000000000    0.28571428571428    0.14285714285714             2
   -0.12500000000000    0.28571428571428    0.14285714285714             2
   -0.00000000000000    0.42857142857143    0.14285714285715             2
    0.12500000000000    0.42857142857143    0.14285714285714             2
    0.25000000000000    0.42857142857143    0.14285714285714             2
    0.37500000000000    0.42857142857143    0.14285714285715             2
    0.50000000000000    0.42857142857143    0.14285714285714             2
   -0.37500000000000    0.42857142857143    0.14285714285714             2
   -0.25000000000000    0.42857142857143    0.14285714285714             2
   -0.12500000000000    0.42857142857143    0.14285714285714             2
   -0.00000000000000   -0.42857142857143    0.14285714285714             2
    0.12500000000000   -0.42857142857143    0.14285714285714             2
    0.25000000000000   -0.42857142857143    0.14285714285715             2
    0.37500000000000   -0.42857142857143    0.14285714285714             2
    0.50000000000000   -0.42857142857143    0.14285714285714             2
   -0.37500000000000   -0.42857142857143    0.14285714285714             2
   -0.25000000000000   -0.42857142857143    0.14285714285714             2
   -0.12500000000000   -0.42857142857143    0.14285714285714             2
    0.00000000000000   -0.28571428571428    0.14285714285714             2
    0.12500000000000   -0.28571428571428    0.14285714285715             2
    0.25000000000000   -0.28571428571428    0.14285714285714             2
    0.37500000000000   -0.28571428571428    0.14285714285714             2
    0.50000000000000   -0.28571428571428    0.14285714285715             2
   -0.37500000000000   -0.28571428571428    0.14285714285715             2
   -0.25000000000000   -0.28571428571428    0.14285714285714             2
   -0.12500000000000   -0.28571428571428    0.14285714285714             2
    0.00000000000000   -0.14285714285715    0.14285714285715             2
    0.12500000000000   -0.14285714285715    0.14285714285714             2
    0.25000000000000   -0.14285714285715    0.14285714285714             2
    0.37500000000000   -0.14285714285715    0.14285714285715             2
    0.50000000000000   -0.14285714285715    0.14285714285714             2
   -0.37500000000000   -0.14285714285715    0.14285714285714             2
   -0.25000000000000   -0.14285714285715    0.14285714285714             2
   -0.12500000000000   -0.14285714285715    0.14285714285715             2
    0.00000000000000   -0.00000000000000    0.28571428571429             2
    0.12500000000000   -0.00000000000000    0.28571428571428             2
    0.25000000000000   -0.00000000000000    0.28571428571428             2
    0.37500000000000   -0.00000000000000    0.28571428571429             2
    0.50000000000000   -0.00000000000000    0.28571428571429             2
   -0.37500000000000    0.00000000000000    0.28571428571429             2
   -0.25000000000000   -0.00000000000000    0.28571428571428             2
   -0.12500000000000   -0.00000000000000    0.28571428571429             2
   -0.00000000000000    0.14285714285715    0.28571428571429             2
    0.12500000000000    0.14285714285715    0.28571428571428             2
    0.25000000000000    0.14285714285715    0.28571428571429             2
    0.37500000000000    0.14285714285715    0.28571428571429             2
    0.50000000000000    0.14285714285715    0.28571428571428             2
   -0.37500000000000    0.14285714285715    0.28571428571428             2
   -0.25000000000000    0.14285714285715    0.28571428571429             2
   -0.12500000000000    0.14285714285715    0.28571428571428             2
    0.00000000000000    0.28571428571428    0.28571428571428             2
    0.12500000000000    0.28571428571428    0.28571428571429             2
    0.25000000000000    0.28571428571428    0.28571428571429             2
    0.37500000000000    0.28571428571428    0.28571428571428             2
    0.50000000000000    0.28571428571428    0.28571428571429             2
   -0.37500000000000    0.28571428571428    0.28571428571429             2
   -0.25000000000000    0.28571428571428    0.28571428571428             2
   -0.12500000000000    0.28571428571428    0.28571428571429             2
    0.00000000000000    0.42857142857143    0.28571428571429             2
    0.12500000000000    0.42857142857143    0.28571428571429             2
    0.25000000000000    0.42857142857143    0.28571428571428             2
    0.37500000000000    0.42857142857143    0.28571428571429             2
    0.50000000000000    0.42857142857143    0.28571428571429             2
   -0.37500000000000    0.42857142857143    0.28571428571428             2
   -0.25000000000000    0.42857142857143    0.28571428571429             2
   -0.12500000000000    0.42857142857143    0.28571428571429             2
   -0.00000000000000   -0.42857142857143    0.28571428571429             2
    0.12500000000000   -0.42857142857143    0.28571428571428             2
    0.25000000000000   -0.42857142857143    0.28571428571429             2
    0.37500000000000   -0.42857142857143    0.28571428571429             2
    0.50000000000000   -0.42857142857143    0.28571428571428             2
   -0.37500000000000   -0.42857142857143    0.28571428571428             2
   -0.25000000000000   -0.42857142857143    0.28571428571429             2
   -0.12500000000000   -0.42857142857143    0.28571428571429             2
   -0.00000000000000   -0.28571428571428    0.28571428571428             2
    0.12500000000000   -0.28571428571428    0.28571428571429             2
    0.25000000000000   -0.28571428571428    0.28571428571429             2
    0.37500000000000   -0.28571428571428    0.28571428571428             2
    0.50000000000000   -0.28571428571428    0.28571428571428             2
   -0.37500000000000   -0.28571428571428    0.28571428571429             2
   -0.25000000000000   -0.28571428571428    0.28571428571429             2
   -0.12500000000000   -0.28571428571428    0.28571428571429             2
   -0.00000000000000   -0.14285714285715    0.28571428571428             2
    0.12500000000000   -0.14285714285715    0.28571428571429             2
    0.25000000000000   -0.14285714285715    0.28571428571429             2
    0.37500000000000   -0.14285714285715    0.28571428571428             2
    0.50000000000000   -0.14285714285715    0.28571428571429             2
   -0.37500000000000   -0.14285714285715    0.28571428571429             2
   -0.25000000000000   -0.14285714285715    0.28571428571429             2
   -0.12500000000000   -0.14285714285715    0.28571428571428             2
   -0.00000000000000   -0.00000000000000    0.42857142857143             2
    0.12500000000000   -0.00000000000000    0.42857142857143             2
    0.25000000000000   -0.00000000000000    0.42857142857143             2
    0.37500000000000   -0.00000000000000    0.42857142857143             2
    0.50000000000000    0.00000000000000    0.42857142857143             2
   -0.37500000000000   -0.00000000000000    0.42857142857143             2
   -0.25000000000000   -0.00000000000000    0.42857142857143             2
   -0.12500000000000   -0.00000000000000    0.42857142857143             2
   -0.00000000000000    0.14285714285715    0.42857142857143             2
    0.12500000000000    0.14285714285715    0.42857142857144             2
    0.25000000000000    0.14285714285715    0.42857142857143             2
    0.37500000000000    0.14285714285715    0.42857142857143             2
    0.50000000000000    0.14285714285715    0.42857142857143             2
   -0.37500000000000    0.14285714285715    0.42857142857143             2
   -0.25000000000000    0.14285714285715    0.42857142857143             2
   -0.12500000000000    0.14285714285715    0.42857142857143             2
   -0.00000000000000    0.28571428571428    0.42857142857143             2
    0.12500000000000    0.28571428571428    0.42857142857142             2
    0.25000000000000    0.28571428571428    0.42857142857143             2
    0.37500000000000    0.28571428571428    0.42857142857143             2
    0.50000000000000    0.28571428571428    0.42857142857142             2
   -0.37500000000000    0.28571428571428    0.42857142857143             2
   -0.25000000000000    0.28571428571428    0.42857142857143             2
   -0.12500000000000    0.28571428571428    0.42857142857143             2
   -0.00000000000000    0.42857142857143    0.42857142857142             2
    0.12500000000000    0.42857142857143    0.42857142857143             2
    0.25000000000000    0.42857142857143    0.42857142857143             2
    0.37500000000000    0.42857142857143    0.42857142857142             2
    0.50000000000000    0.42857142857143    0.42857142857143             2
   -0.37500000000000    0.42857142857143    0.42857142857143             2
   -0.25000000000000    0.42857142857143    0.42857142857143             2
   -0.12500000000000    0.42857142857143    0.42857142857143             2
   -0.00000000000000   -0.42857142857143    0.42857142857143             2
    0.12500000000000   -0.42857142857143    0.42857142857143             2
    0.25000000000000   -0.42857142857143    0.42857142857142             2
    0.37500000000000   -0.42857142857143    0.42857142857143             2
    0.50000000000000   -0.42857142857143    0.42857142857143             2
   -0.37500000000000   -0.42857142857143    0.42857142857143             2
   -0.25000000000000   -0.42857142857143    0.42857142857143             2
   -0.12500000000000   -0.42857142857143    0.42857142857143             2
    0.00000000000000   -0.28571428571428    0.42857142857143             2
    0.12500000000000   -0.28571428571428    0.42857142857142             2
    0.25000000000000   -0.28571428571428    0.42857142857143             2
    0.37500000000000   -0.28571428571428    0.42857142857143             2
    0.50000000000000   -0.28571428571428    0.42857142857143             2
   -0.37500000000000   -0.28571428571428    0.42857142857143             2
   -0.25000000000000   -0.28571428571428    0.42857142857143             2
   -0.12500000000000   -0.28571428571428    0.42857142857143             2
   -0.00000000000000   -0.14285714285715    0.42857142857143             2
    0.12500000000000   -0.14285714285715    0.42857142857143             2
    0.25000000000000   -0.14285714285715    0.42857142857143             2
    0.37500000000000   -0.14285714285715    0.42857142857143             2
    0.50000000000000   -0.14285714285715    0.42857142857143             2
   -0.37500000000000   -0.14285714285715    0.42857142857143             2
   -0.25000000000000   -0.14285714285715    0.42857142857143             2
   -0.12500000000000   -0.14285714285715    0.42857142857143             2
Tetrahedra
      1174    0.00042517006803
         2         1         6         7        39
         2         1         2         7        39
         2         1         2        31        39
         2         1         6        38        39
         2         1        30        38        39
         2         1        30        31        39
         2         2         7         8        40
         2         2         3         8        40
         2         2         3        32        40
         2         2         7        39        40
         2         2        31        39        40
         2         2        31        32        40
         2         3         8         9        41
         2         3         4         9        41
         2         3         4        33        41
         2         3         8        40        41
         2         3        32        40        41
         2         3        32        33        41
         2         4         9        10        42
         2         4         5        10        42
         2         4         5        34        42
         2         4         9        41        42
         2         4        33        41        42
         2         4        33        34        42
         2         5        10        11        43
         2         4         5        11        43
         2         4         5        35        43
         2         5        10        42        43
         2         5        34        42        43
         2         5        34        35        43
         2         4        11        12        44
         2         3         4        12        44
         2         3         4        36        44
         2         4        11        43        44
         2         4        35        43        44
         2         4        35        36        44
         2         3        12        13        45
         2         2         3        13        45
         2         2         3        37        45
         2         3        12        44        45
         2         3        36        44        45
         2         3        36        37        45
         2         2         6        13        38
         2         1         2         6        38
         2         1         2        30        38
         2         2        13        38        45
         2         2        37        38        45
         2         2        30        37        38
         2         6        14        15        47
         2         6         7        15        47
         2         6         7        39        47
         2         6        14        46        47
         2         6        38        46        47
         2         6        38        39        47
         2         7        15        16        48
         2         7         8        16        48
         2         7         8        40        48
         2         7        15        47        48
         2         7        39        47        48
         2         7        39        40        48
         2         8        16        17        49
         2         8         9        17        49
         2         8         9        41        49
         2         8        16        48        49
         2         8        40        48        49
         2         8        40        41        49
         2         9        17        18        50
         2         9        10        18        50
         2         9        10        42        50
         2         9        17        49        50
         2         9        41        49        50
         2         9        41        42        50
         2        10        18        19        51
         2        10        11        19        51
         2        10        11        43        51
         2        10        18        50        51
         2        10        42        50        51
         2        10        42        43        51
         2        11        19        20        52
         2        11        12        20        52
         2        11        12        44        52
         2        11        19        51        52
         2        11        43        51        52
         2        11        43        44        52
         2        12        20        21        53
         2        12        13        21        53
         2        12        13        45        53
         2        12        20        52        53
         2        12        44        52        53
         2        12        44        45        53
         2        13        14        21        46
         2         6        13        14        46
         2         6        13        38        46
         2        13        21        46        53
         2        13        45        46        53
         2        13        38        45        46
         2        14        22        23        55
         2        14        15        23        55
         2        14        15        47        55
         2        14        22        54        55
         2        14        46        54        55
         2        14        46        47        55
         2        15        23        24        56
         2        15        16        24        56
         2        15        16        48        56
         2        15        23        55        56
         2        15        47        55        56
         2        15        47        48        56
         2        16        24        25        57
         2        16        17        25        57
         2        16        17        49        57
         2        16        24        56        57
         2        16        48        56        57
         2        16        48        49        57
         2        17        25        26        58
         2        17        18        26        58
         2        17        18        50        58
         2        17        25        57        58
         2        17        49        57        58
         2        17        49        50        58
         2        18        26        27        59
         2        18        19        27        59
         2        18        19        51        59
         2        18        26        58        59
         2        18        50        58        59
         2        18        50        51        59
         2        19        27        28        60
         2        19        20        28        60
         2        19        20        52        60
         2        19        27        59        60
         2        19        51        59        60
         2        19        51        52        60
         2        20        28        29        61
         2        20        21        29        61
         2        20        21        53        61
         2        20        28        60        61
         2        20        52        60        61
         2        20        52        53        61
         2        21        22        29        54
         2        14        21        22        54
         2        14        21        46        54
         2        21        29        54        61
         2        21        53        54        61
         2        21        46        53        54
         2        22        22        29        63
         2        22        23        29        63
         2        22        23        55        63
         2        22        22        62        63
         2        22        54        62        63
         2        22        54        55        63
         2        23        28        29        64
         2        23        24        28        64
         2        23        24        56        64
         2        23        29        63        64
         2        23        55        63        64
         2        23        55        56        64
         2        24        27        28        65
         2        24        25        27        65
         2        24        25        57        65
         2        24        28        64        65
         2        24        56        64        65
         2        24        56        57        65
         2        25        26        27        66
         2        25        26        26        66
         2        25        26        58        66
         2        25        27        65        66
         2        25        57        65        66
         2        25        57        58        66
         2        25        26        26        67
         2        25        26        27        67
         2        26        27        59        67
         2        26        26        66        67
         2        26        58        66        67
         2        26        58        59        67
         2        24        25        27        68
         2        24        27        28        68
         2        27        28        60        68
         2        25        27        67        68
         2        27        59        67        68
         2        27        59        60        68
         2        23        24        28        69
         2        23        28        29        69
         2        28        29        61        69
         2        24        28        68        69
         2        28        60        68        69
         2        28        60        61        69
         2        22        23        29        62
         2        22        22        29        62
         2        22        29        54        62
         2        23        29        62        69
         2        29        61        62        69
         2        29        54        61        62
         2        14        21        22        71
         2        21        22        29        71
         2        22        29        63        71
         2        14        22        70        71
         2        22        62        70        71
         2        22        62        63        71
         2        20        21        29        72
         2        20        28        29        72
         2        28        29        64        72
         2        21        29        71        72
         2        29        63        71        72
         2        29        63        64        72
         2        19        20        28        73
         2        19        27        28        73
         2        27        28        65        73
         2        20        28        72        73
         2        28        64        72        73
         2        28        64        65        73
         2        18        19        27        74
         2        18        26        27        74
         2        26        27        66        74
         2        19        27        73        74
         2        27        65        73        74
         2        27        65        66        74
         2        17        18        26        75
         2        17        25        26        75
         2        25        26        67        75
         2        18        26        74        75
         2        26        66        74        75
         2        26        66        67        75
         2        16        17        25        76
         2        16        24        25        76
         2        24        25        68        76
         2        17        25        75        76
         2        25        67        75        76
         2        25        67        68        76
         2        15        16        24        77
         2        15        23        24        77
         2        23        24        69        77
         2        16        24        76        77
         2        24        68        76        77
         2        24        68        69        77
         2        14        15        23        70
         2        14        22        23        70
         2        22        23        62        70
         2        15        23        70        77
         2        23        69        70        77
         2        23        62        69        70
         2         6        13        14        79
         2        13        14        21        79
         2        14        21        71        79
         2         6        14        78        79
         2        14        70        78        79
         2        14        70        71        79
         2        12        13        21        80
         2        12        20        21        80
         2        20        21        72        80
         2        13        21        79        80
         2        21        71        79        80
         2        21        71        72        80
         2        11        12        20        81
         2        11        19        20        81
         2        19        20        73        81
         2        12        20        80        81
         2        20        72        80        81
         2        20        72        73        81
         2        10        11        19        82
         2        10        18        19        82
         2        18        19        74        82
         2        11        19        81        82
         2        19        73        81        82
         2        19        73        74        82
         2         9        10        18        83
         2         9        17        18        83
         2        17        18        75        83
         2        10        18        82        83
         2        18        74        82        83
         2        18        74        75        83
         2         8         9        17        84
         2         8        16        17        84
         2        16        17        76        84
         2         9        17        83        84
         2        17        75        83        84
         2        17        75        76        84
         2         7         8        16        85
         2         7        15        16        85
         2        15        16        77        85
         2         8        16        84        85
         2        16        76        84        85
         2        16        76        77        85
         2         6         7        15        78
         2         6        14        15        78
         2        14        15        70        78
         2         7        15        78        85
         2        15        77        78        85
         2        15        70        77        78
         2         1         2         6        31
         2         2         6        13        31
         2         6        13        31        79
         2         1         6        30        31
         2         6        30        31        78
         2         6        31        78        79
         2         2         3        13        32
         2         3        12        13        32
         2        12        13        32        80
         2         2        13        31        32
         2        13        31        32        79
         2        13        32        79        80
         2         3         4        12        33
         2         4        11        12        33
         2        11        12        33        81
         2         3        12        32        33
         2        12        32        33        80
         2        12        33        80        81
         2         4         5        11        34
         2         5        10        11        34
         2        10        11        34        82
         2         4        11        33        34
         2        11        33        34        81
         2        11        34        81        82
         2         4         5        10        35
         2         4         9        10        35
         2         9        10        35        83
         2         5        10        34        35
         2        10        34        35        82
         2        10        35        82        83
         2         3         4         9        36
         2         3         8         9        36
         2         8         9        36        84
         2         4         9        35        36
         2         9        35        36        83
         2         9        36        83        84
         2         2         3         8        37
         2         2         7         8        37
         2         7         8        37        85
         2         3         8        36        37
         2         8        36        37        84
         2         8        37        84        85
         2         1         2         7        30
         2         1         6         7        30
         2         6         7        30        78
         2         2         7        30        37
         2         7        30        37        85
         2         7        30        78        85
         2        30        38        39        95
         2        30        31        39        95
         2        30        31        87        95
         2        30        38        94        95
         2        30        86        94        95
         2        30        86        87        95
         2        31        39        40        96
         2        31        32        40        96
         2        31        32        88        96
         2        31        39        95        96
         2        31        87        95        96
         2        31        87        88        96
         2        32        40        41        97
         2        32        33        41        97
         2        32        33        89        97
         2        32        40        96        97
         2        32        88        96        97
         2        32        88        89        97
         2        33        41        42        98
         2        33        34        42        98
         2        33        34        90        98
         2        33        41        97        98
         2        33        89        97        98
         2        33        89        90        98
         2        34        42        43        99
         2        34        35        43        99
         2        34        35        91        99
         2        34        42        98        99
         2        34        90        98        99
         2        34        90        91        99
         2        35        43        44       100
         2        35        36        44       100
         2        35        36        92       100
         2        35        43        99       100
         2        35        91        99       100
         2        35        91        92       100
         2        36        44        45       101
         2        36        37        45       101
         2        36        37        93       101
         2        36        44       100       101
         2        36        92       100       101
         2        36        92        93       101
         2        37        38        45        94
         2        30        37        38        94
         2        30        37        86        94
         2        37        45        94       101
         2        37        93        94       101
         2        37        86        93        94
         2        38        46        47       103
         2        38        39        47       103
         2        38        39        95       103
         2        38        46       102       103
         2        38        94       102       103
         2        38        94        95       103
         2        39        47        48       104
         2        39        40        48       104
         2        39        40        96       104
         2        39        47       103       104
         2        39        95       103       104
         2        39        95        96       104
         2        40        48        49       105
         2        40        41        49       105
         2        40        41        97       105
         2        40        48       104       105
         2        40        96       104       105
         2        40        96        97       105
         2        41        49        50       106
         2        41        42        50       106
         2        41        42        98       106
         2        41        49       105       106
         2        41        97       105       106
         2        41        97        98       106
         2        42        50        51       107
         2        42        43        51       107
         2        42        43        99       107
         2        42        50       106       107
         2        42        98       106       107
         2        42        98        99       107
         2        43        51        52       108
         2        43        44        52       108
         2        43        44       100       108
         2        43        51       107       108
         2        43        99       107       108
         2        43        99       100       108
         2        44        52        53       109
         2        44        45        53       109
         2        44        45       101       109
         2        44        52       108       109
         2        44       100       108       109
         2        44       100       101       109
         2        45        46        53       102
         2        38        45        46       102
         2        38        45        94       102
         2        45        53       102       109
         2        45       101       102       109
         2        45        94       101       102
         2        46        54        55       111
         2        46        47        55       111
         2        46        47       103       111
         2        46        54       110       111
         2        46       102       110       111
         2        46       102       103       111
         2        47        55        56       112
         2        47        48        56       112
         2        47        48       104       112
         2        47        55       111       112
         2        47       103       111       112
         2        47       103       104       112
         2        48        56        57       113
         2        48        49        57       113
         2        48        49       105       113
         2        48        56       112       113
         2        48       104       112       113
         2        48       104       105       113
         2        49        57        58       114
         2        49        50        58       114
         2        49        50       106       114
         2        49        57       113       114
         2        49       105       113       114
         2        49       105       106       114
         2        50        58        59       115
         2        50        51        59       115
         2        50        51       107       115
         2        50        58       114       115
         2        50       106       114       115
         2        50       106       107       115
         2        51        59        60       116
         2        51        52        60       116
         2        51        52       108       116
         2        51        59       115       116
         2        51       107       115       116
         2        51       107       108       116
         2        52        60        61       117
         2        52        53        61       117
         2        52        53       109       117
         2        52        60       116       117
         2        52       108       116       117
         2        52       108       109       117
         2        53        54        61       110
         2        46        53        54       110
         2        46        53       102       110
         2        53        61       110       117
         2        53       109       110       117
         2        53       102       109       110
         2        54        62        63       119
         2        54        55        63       119
         2        54        55       111       119
         2        54        62       118       119
         2        54       110       118       119
         2        54       110       111       119
         2        55        63        64       120
         2        55        56        64       120
         2        55        56       112       120
         2        55        63       119       120
         2        55       111       119       120
         2        55       111       112       120
         2        56        64        65       121
         2        56        57        65       121
         2        56        57       113       121
         2        56        64       120       121
         2        56       112       120       121
         2        56       112       113       121
         2        57        65        66       122
         2        57        58        66       122
         2        57        58       114       122
         2        57        65       121       122
         2        57       113       121       122
         2        57       113       114       122
         2        58        66        67       123
         2        58        59        67       123
         2        58        59       115       123
         2        58        66       122       123
         2        58       114       122       123
         2        58       114       115       123
         2        59        67        68       124
         2        59        60        68       124
         2        59        60       116       124
         2        59        67       123       124
         2        59       115       123       124
         2        59       115       116       124
         2        60        68        69       125
         2        60        61        69       125
         2        60        61       117       125
         2        60        68       124       125
         2        60       116       124       125
         2        60       116       117       125
         2        61        62        69       118
         2        54        61        62       118
         2        54        61       110       118
         2        61        69       118       125
         2        61       117       118       125
         2        61       110       117       118
         2        62        70        71       127
         2        62        63        71       127
         2        62        63       119       127
         2        62        70       126       127
         2        62       118       126       127
         2        62       118       119       127
         2        63        71        72       128
         2        63        64        72       128
         2        63        64       120       128
         2        63        71       127       128
         2        63       119       127       128
         2        63       119       120       128
         2        64        72        73       129
         2        64        65        73       129
         2        64        65       121       129
         2        64        72       128       129
         2        64       120       128       129
         2        64       120       121       129
         2        65        73        74       130
         2        65        66        74       130
         2        65        66       122       130
         2        65        73       129       130
         2        65       121       129       130
         2        65       121       122       130
         2        66        74        75       131
         2        66        67        75       131
         2        66        67       123       131
         2        66        74       130       131
         2        66       122       130       131
         2        66       122       123       131
         2        67        75        76       132
         2        67        68        76       132
         2        67        68       124       132
         2        67        75       131       132
         2        67       123       131       132
         2        67       123       124       132
         2        68        76        77       133
         2        68        69        77       133
         2        68        69       125       133
         2        68        76       132       133
         2        68       124       132       133
         2        68       124       125       133
         2        69        70        77       126
         2        62        69        70       126
         2        62        69       118       126
         2        69        77       126       133
         2        69       125       126       133
         2        69       118       125       126
         2        70        78        79       135
         2        70        71        79       135
         2        70        71       127       135
         2        70        78       134       135
         2        70       126       134       135
         2        70       126       127       135
         2        71        79        80       136
         2        71        72        80       136
         2        71        72       128       136
         2        71        79       135       136
         2        71       127       135       136
         2        71       127       128       136
         2        72        80        81       137
         2        72        73        81       137
         2        72        73       129       137
         2        72        80       136       137
         2        72       128       136       137
         2        72       128       129       137
         2        73        81        82       138
         2        73        74        82       138
         2        73        74       130       138
         2        73        81       137       138
         2        73       129       137       138
         2        73       129       130       138
         2        74        82        83       139
         2        74        75        83       139
         2        74        75       131       139
         2        74        82       138       139
         2        74       130       138       139
         2        74       130       131       139
         2        75        83        84       140
         2        75        76        84       140
         2        75        76       132       140
         2        75        83       139       140
         2        75       131       139       140
         2        75       131       132       140
         2        76        84        85       141
         2        76        77        85       141
         2        76        77       133       141
         2        76        84       140       141
         2        76       132       140       141
         2        76       132       133       141
         2        77        78        85       134
         2        70        77        78       134
         2        70        77       126       134
         2        77        85       134       141
         2        77       133       134       141
         2        77       126       133       134
         2        30        31        78        87
         2        31        78        79        87
         2        78        79        87       135
         2        30        78        86        87
         2        78        86        87       134
         2        78        87       134       135
         2        31        32        79        88
         2        32        79        80        88
         2        79        80        88       136
         2        31        79        87        88
         2        79        87        88       135
         2        79        88       135       136
         2        32        33        80        89
         2        33        80        81        89
         2        80        81        89       137
         2        32        80        88        89
         2        80        88        89       136
         2        80        89       136       137
         2        33        34        81        90
         2        34        81        82        90
         2        81        82        90       138
         2        33        81        89        90
         2        81        89        90       137
         2        81        90       137       138
         2        34        35        82        91
         2        35        82        83        91
         2        82        83        91       139
         2        34        82        90        91
         2        82        90        91       138
         2        82        91       138       139
         2        35        36        83        92
         2        36        83        84        92
         2        83        84        92       140
         2        35        83        91        92
         2        83        91        92       139
         2        83        92       139       140
         2        36        37        84        93
         2        37        84        85        93
         2        84        85        93       141
         2        36        84        92        93
         2        84        92        93       140
         2        84        93       140       141
         2        30        37        85        86
         2        30        78        85        86
         2        78        85        86       134
         2        37        85        86        93
         2        85        86        93       141
         2        85        86       134       141
         2        86        94        95       151
         2        86        87        95       151
         2        86        87       143       151
         2        86        94       150       151
         2        86       142       150       151
         2        86       142       143       151
         2        87        95        96       152
         2        87        88        96       152
         2        87        88       144       152
         2        87        95       151       152
         2        87       143       151       152
         2        87       143       144       152
         2        88        96        97       153
         2        88        89        97       153
         2        88        89       145       153
         2        88        96       152       153
         2        88       144       152       153
         2        88       144       145       153
         2        89        97        98       154
         2        89        90        98       154
         2        89        90       146       154
         2        89        97       153       154
         2        89       145       153       154
         2        89       145       146       154
         2        90        98        99       155
         2        90        91        99       155
         2        90        91       147       155
         2        90        98       154       155
         2        90       146       154       155
         2        90       146       147       155
         2        91        99       100       156
         2        91        92       100       156
         2        91        92       148       156
         2        91        99       155       156
         2        91       147       155       156
         2        91       147       148       156
         2        92       100       101       157
         2        92        93       101       157
         2        92        93       149       157
         2        92       100       156       157
         2        92       148       156       157
         2        92       148       149       157
         2        93        94       101       150
         2        86        93        94       150
         2        86        93       142       150
         2        93       101       150       157
         2        93       149       150       157
         2        93       142       149       150
         2        94       102       103       159
         2        94        95       103       159
         2        94        95       151       159
         2        94       102       158       159
         2        94       150       158       159
         2        94       150       151       159
         2        95       103       104       160
         2        95        96       104       160
         2        95        96       152       160
         2        95       103       159       160
         2        95       151       159       160
         2        95       151       152       160
         2        96       104       105       161
         2        96        97       105       161
         2        96        97       153       161
         2        96       104       160       161
         2        96       152       160       161
         2        96       152       153       161
         2        97       105       106       162
         2        97        98       106       162
         2        97        98       154       162
         2        97       105       161       162
         2        97       153       161       162
         2        97       153       154       162
         2        98       106       107       163
         2        98        99       107       163
         2        98        99       155       163
         2        98       106       162       163
         2        98       154       162       163
         2        98       154       155       163
         2        99       107       108       164
         2        99       100       108       164
         2        99       100       156       164
         2        99       107       163       164
         2        99       155       163       164
         2        99       155       156       164
         2       100       108       109       165
         2       100       101       109       165
         2       100       101       157       165
         2       100       108       164       165
         2       100       156       164       165
         2       100       156       157       165
         2       101       102       109       158
         2        94       101       102       158
         2        94       101       150       158
         2       101       109       158       165
         2       101       157       158       165
         2       101       150       157       158
         2       102       110       111       167
         2       102       103       111       167
         2       102       103       159       167
         2       102       110       166       167
         2       102       158       166       167
         2       102       158       159       167
         2       103       111       112       168
         2       103       104       112       168
         2       103       104       160       168
         2       103       111       167       168
         2       103       159       167       168
         2       103       159       160       168
         2       104       112       113       169
         2       104       105       113       169
         2       104       105       161       169
         2       104       112       168       169
         2       104       160       168       169
         2       104       160       161       169
         2       105       113       114       170
         2       105       106       114       170
         2       105       106       162       170
         2       105       113       169       170
         2       105       161       169       170
         2       105       161       162       170
         2       106       114       115       171
         2       106       107       115       171
         2       106       107       163       171
         2       106       114       170       171
         2       106       162       170       171
         2       106       162       163       171
         2       107       115       116       172
         2       107       108       116       172
         2       107       108       164       172
         2       107       115       171       172
         2       107       163       171       172
         2       107       163       164       172
         2       108       116       117       173
         2       108       109       117       173
         2       108       109       165       173
         2       108       116       172       173
         2       108       164       172       173
         2       108       164       165       173
         2       109       110       117       166
         2       102       109       110       166
         2       102       109       158       166
         2       109       117       166       173
         2       109       165       166       173
         2       109       158       165       166
         2       110       118       119       175
         2       110       111       119       175
         2       110       111       167       175
         2       110       118       174       175
         2       110       166       174       175
         2       110       166       167       175
         2       111       119       120       176
         2       111       112       120       176
         2       111       112       168       176
         2       111       119       175       176
         2       111       167       175       176
         2       111       167       168       176
         2       112       120       121       177
         2       112       113       121       177
         2       112       113       169       177
         2       112       120       176       177
         2       112       168       176       177
         2       112       168       169       177
         2       113       121       122       178
         2       113       114       122       178
         2       113       114       170       178
         2       113       121       177       178
         2       113       169       177       178
         2       113       169       170       178
         2       114       122       123       179
         2       114       115       123       179
         2       114       115       171       179
         2       114       122       178       179
         2       114       170       178       179
         2       114       170       171       179
         2       115       123       124       180
         2       115       116       124       180
         2       115       116       172       180
         2       115       123       179       180
         2       115       171       179       180
         2       115       171       172       180
         2       116       124       125       181
         2       116       117       125       181
         2       116       117       173       181
         2       116       124       180       181
         2       116       172       180       181
         2       116       172       173       181
         2       117       118       125       174
         2       110       117       118       174
         2       110       117       166       174
         2       117       125       174       181
         2       117       173       174       181
         2       117       166       173       174
         2       118       126       127       183
         2       118       119       127       183
         2       118       119       175       183
         2       118       126       182       183
         2       118       174       182       183
         2       118       174       175       183
         2       119       127       128       184
         2       119       120       128       184
         2       119       120       176       184
         2       119       127       183       184
         2       119       175       183       184
         2       119       175       176       184
         2       120       128       129       185
         2       120       121       129       185
         2       120       121       177       185
         2       120       128       184       185
         2       120       176       184       185
         2       120       176       177       185
         2       121       129       130       186
         2       121       122       130       186
         2       121       122       178       186
         2       121       129       185       186
         2       121       177       185       186
         2       121       177       178       186
         2       122       130       131       187
         2       122       123       131       187
         2       122       123       179       187
         2       122       130       186       187
         2       122       178       186       187
         2       122       178       179       187
         2       123       131       132       188
         2       123       124       132       188
         2       123       124       180       188
         2       123       131       187       188
         2       123       179       187       188
         2       123       179       180       188
         2       124       132       133       189
         2       124       125       133       189
         2       124       125       181       189
         2       124       132       188       189
         2       124       180       188       189
         2       124       180       181       189
         2       125       126       133       182
         2       118       125       126       182
         2       118       125       174       182
         2       125       133       182       189
         2       125       181       182       189
         2       125       174       181       182
         2       126       134       135       191
         2       126       127       135       191
         2       126       127       183       191
         2       126       134       190       191
         2       126       182       190       191
         2       126       182       183       191
         2       127       135       136       192
         2       127       128       136       192
         2       127       128       184       192
         2       127       135       191       192
         2       127       183       191       192
         2       127       183       184       192
         2       128       136       137       193
         2       128       129       137       193
         2       128       129       185       193
         2       128       136       192       193
         2       128       184       192       193
         2       128       184       185       193
         2       129       137       138       194
         2       129       130       138       194
         2       129       130       186       194
         2       129       137       193       194
         2       129       185       193       194
         2       129       185       186       194
         2       130       138       139       195
         2       130       131       139       195
         2       130       131       187       195
         2       130       138       194       195
         2       130       186       194       195
         2       130       186       187       195
         2       131       139       140       196
         2       131       132       140       196
         2       131       132       188       196
         2       131       139       195       196
         2       131       187       195       196
         2       131       187       188       196
         2       132       140       141       197
         2       132       133       141       197
         2       132       133       189       197
         2       132       140       196       197
         2       132       188       196       197
         2       132       188       189       197
         2       133       134       141       190
         2       126       133       134       190
         2       126       133       182       190
         2       133       141       190       197
         2       133       189       190       197
         2       133       182       189       190
         2        86        87       134       143
         2        87       134       135       143
         2       134       135       143       191
         2        86       134       142       143
         2       134       142       143       190
         2       134       143       190       191
         2        87        88       135       144
         2        88       135       136       144
         2       135       136       144       192
         2        87       135       143       144
         2       135       143       144       191
         2       135       144       191       192
         2        88        89       136       145
         2        89       136       137       145
         2       136       137       145       193
         2        88       136       144       145
         2       136       144       145       192
         2       136       145       192       193
         2        89        90       137       146
         2        90       137       138       146
         2       137       138       146       194
         2        89       137       145       146
         2       137       145       146       193
         2       137       146       193       194
         2        90        91       138       147
         2        91       138       139       147
         2       138       139       147       195
         2        90       138       146       147
         2       138       146       147       194
         2       138       147       194       195
         2        91        92       139       148
         2        92       139       140       148
         2       139       140       148       196
         2        91       139       147       148
         2       139       147       148       195
         2       139       148       195       196
         2        92        93       140       149
         2        93       140       141       149
         2       140       141       149       197
         2        92       140       148       149
         2       140       148       149       196
         2       140       149       196       197
         2        86        93       141       142
         2        86       134       141       142
         2       134       141       142       190
         2        93       141       142       149
         2       141       142       149       197
         2       141       142       190       197
         2       142       150       151       197
         2       142       143       151       197
         2       142       143       149       197
         2       142       150       190       197
         2       142       142       190       197
         2       142       142       149       197
         2       143       151       152       196
         2       143       144       152       196
         2       143       144       148       196
         2       143       151       196       197
         2       143       149       196       197
         2       143       148       149       196
         2       144       152       153       195
         2       144       145       153       195
         2       144       145       147       195
         2       144       152       195       196
         2       144       148       195       196
         2       144       147       148       195
         2       145       153       154       194
         2       145       146       154       194
         2       145       146       146       194
         2       145       153       194       195
         2       145       147       194       195
         2       145       146       147       194
         2       146       154       155       193
         2       146       147       155       193
         2       145       146       147       193
         2       146       154       193       194
         2       146       146       193       194
         2       145       146       146       193
         2       147       155       156       192
         2       147       148       156       192
         2       144       147       148       192
         2       147       155       192       193
         2       145       147       192       193
         2       144       145       147       192
         2       148       156       157       191
         2       148       149       157       191
         2       143       148       149       191
         2       148       156       191       192
         2       144       148       191       192
         2       143       144       148       191
         2       149       150       157       190
         2       142       149       150       190
         2       142       142       149       190
         2       149       157       190       191
         2       143       149       190       191
         2       142       143       149       190
         2       150       158       159       189
         2       150       151       159       189
         2       150       151       189       197
         2       150       158       182       189
         2       150       182       189       190
         2       150       189       190       197
         2       151       159       160       188
         2       151       152       160       188
         2       151       152       188       196
         2       151       159       188       189
         2       151       188       189       197
         2       151       188       196       197
         2       152       160       161       187
         2       152       153       161       187
         2       152       153       187       195
         2       152       160       187       188
         2       152       187       188       196
         2       152       187       195       196
         2       153       161       162       186
         2       153       154       162       186
         2       153       154       186       194
         2       153       161       186       187
         2       153       186       187       195
         2       153       186       194       195
         2       154       162       163       185
         2       154       155       163       185
         2       154       155       185       193
         2       154       162       185       186
         2       154       185       186       194
         2       154       185       193       194
         2       155       163       164       184
         2       155       156       164       184
         2       155       156       184       192
         2       155       163       184       185
         2       155       184       185       193
         2       155       184       192       193
         2       156       164       165       183
         2       156       157       165       183
         2       156       157       183       191
         2       156       164       183       184
         2       156       183       184       192
         2       156       183       191       192
         2       157       158       165       182
         2       150       157       158       182
         2       150       157       182       190
         2       157       165       182       183
         2       157       182       183       191
         2       157       182       190       191
         2       158       166       167       181
         2       158       159       167       181
         2       158       159       181       189
         2       158       166       174       181
         2       158       174       181       182
         2       158       181       182       189
         2       159       167       168       180
         2       159       160       168       180
         2       159       160       180       188
         2       159       167       180       181
         2       159       180       181       189
         2       159       180       188       189
         2       160       168       169       179
         2       160       161       169       179
         2       160       161       179       187
         2       160       168       179       180
         2       160       179       180       188
         2       160       179       187       188
         2       161       169       170       178
         2       161       162       170       178
         2       161       162       178       186
         2       161       169       178       179
         2       161       178       179       187
         2       161       178       186       187
         2       162       170       171       177
         2       162       163       171       177
         2       162       163       177       185
         2       162       170       177       178
         2       162       177       178       186
         2       162       177       185       186
         2       163       171       172       176
         2       163       164       172       176
         2       163       164       176       184
         2       163       171       176       177
         2       163       176       177       185
         2       163       176       184       185
         2       164       172       173       175
         2       164       165       173       175
         2       164       165       175       183
         2       164       172       175       176
         2       164       175       176       184
         2       164       175       183       184
         2       165       166       173       174
         2       158       165       166       174
         2       158       165       174       182
         2       165       173       174       175
         2       165       174       175       183
         2       165       174       182       183
         2       166       173       174       175
         2       166       167       173       175
         2       166       167       173       181
         4       166       166       173       174
         2       166       173       174       181
         2       167       172       175       176
         2       167       168       172       176
         2       167       168       172       180
         2       167       172       173       175
         2       167       172       173       181
         2       167       172       180       181
         2       168       171       176       177
         2       168       169       171       177
         2       168       169       171       179
         2       168       171       172       176
         2       168       171       172       180
         2       168       171       179       180
         2       169       170       177       178
         4       169       170       170       178
         2       169       170       171       177
         2       169       170       171       179
         2       169       170       178       179
