Automatically generated mesh
     172
Reciprocal lattice
    0.00000000000000    0.00000000000000    0.00000000000000             1
    0.14285714285715    0.00000000000000   -0.00000000000000             2
    0.28571428571428    0.00000000000000    0.00000000000000             2
    0.42857142857143    0.00000000000000    0.00000000000000             2
   -0.00000000000000    0.14285714285715    0.00000000000000             2
    0.14285714285715    0.14285714285715    0.00000000000000             2
    0.28571428571428    0.14285714285715   -0.00000000000000             2
    0.42857142857143    0.14285714285715   -0.00000000000001             2
   -0.42857142857143    0.14285714285715    0.00000000000000             2
   -0.28571428571428    0.14285714285715   -0.00000000000000             2
   -0.14285714285715    0.14285714285715    0.00000000000000             2
    0.00000000000000    0.28571428571428   -0.00000000000000             2
    0.14285714285715    0.28571428571428   -0.00000000000000             2
    0.28571428571428    0.28571428571428    0.00000000000000             2
    0.42857142857143    0.28571428571428    0.00000000000000             2
   -0.42857142857143    0.28571428571428   -0.00000000000000             2
   -0.28571428571428    0.28571428571428    0.00000000000001             2
   -0.14285714285715    0.28571428571428    0.00000000000000             2
    0.00000000000000    0.42857142857143    0.00000000000000             2
    0.14285714285715    0.42857142857143    0.00000000000000             2
    0.28571428571428    0.42857142857143   -0.00000000000000             2
    0.42857142857143    0.42857142857143    0.00000000000001             2
   -0.42857142857143    0.42857142857143    0.00000000000000             2
   -0.28571428571428    0.42857142857143   -0.00000000000000             2
   -0.14285714285715    0.42857142857143   -0.00000000000001             2
    0.00000000000000    0.00000000000000    0.14285714285714             2
    0.14285714285715    0.00000000000000    0.14285714285714             2
    0.28571428571428    0.00000000000000    0.14285714285715             2
    0.42857142857143    0.00000000000000    0.14285714285714             2
   -0.42857142857143   -0.00000000000000    0.14285714285714             2
   -0.28571428571428    0.00000000000000    0.14285714285714             2
   -0.14285714285715   -0.00000000000000    0.14285714285714             2
    0.00000000000000    0.14285714285715    0.14285714285715             2
    0.14285714285715    0.14285714285715    0.14285714285714             2
    0.28571428571428    0.14285714285715    0.14285714285714             2
    0.42857142857143    0.14285714285715    0.14285714285714             2
   -0.42857142857143    0.14285714285715    0.14285714285714             2
   -0.28571428571428    0.14285714285715    0.14285714285714             2
   -0.14285714285715    0.14285714285715    0.14285714285714             2
    0.00000000000000    0.28571428571428    0.14285714285714             2
    0.14285714285715    0.28571428571428    0.14285714285714             2
    0.28571428571428    0.28571428571428    0.14285714285715             2
    0.42857142857143    0.28571428571428    0.14285714285714             2
   -0.42857142857143    0.28571428571428    0.14285714285714             2
   -0.28571428571428    0.28571428571428    0.14285714285715             2
   -0.14285714285715    0.28571428571428    0.14285714285714             2
    0.00000000000000    0.42857142857143    0.14285714285715             2
    0.14285714285715    0.42857142857143    0.14285714285714             2
    0.28571428571428    0.42857142857143    0.14285714285714             2
    0.42857142857143    0.42857142857143    0.14285714285715             2
   -0.42857142857143    0.42857142857143    0.14285714285714             2
   -0.28571428571428    0.42857142857143    0.14285714285714             2
   -0.14285714285715    0.42857142857143    0.14285714285714             2
   -0.00000000000000   -0.42857142857143    0.14285714285714             2
    0.14285714285715   -0.42857142857143    0.14285714285715             2
    0.28571428571428   -0.42857142857143    0.14285714285714             2
    0.42857142857143   -0.42857142857143    0.14285714285714             2
   -0.42857142857143   -0.42857142857143    0.14285714285714             2
   -0.28571428571428   -0.42857142857143    0.14285714285715             2
   -0.14285714285715   -0.42857142857143    0.14285714285714             2
   -0.00000000000000   -0.28571428571428    0.14285714285714             2
    0.14285714285715   -0.28571428571428    0.14285714285714             2
    0.28571428571428   -0.28571428571428    0.14285714285714             2
    0.42857142857143   -0.28571428571428    0.14285714285715             2
   -0.42857142857143   -0.28571428571428    0.14285714285714             2
   -0.28571428571428   -0.28571428571428    0.14285714285714             2
   -0.14285714285715   -0.28571428571428    0.14285714285714             2
    0.00000000000000   -0.14285714285715    0.14285714285714             2
    0.14285714285715   -0.14285714285715    0.14285714285715             2
    0.28571428571428   -0.14285714285715    0.14285714285714             2
    0.42857142857143   -0.14285714285715    0.14285714285714             2
   -0.42857142857143   -0.14285714285715    0.14285714285714             2
   -0.28571428571428   -0.14285714285715    0.14285714285715             2
   -0.14285714285715   -0.14285714285715    0.14285714285714             2
    0.00000000000000    0.00000000000000    0.28571428571429             2
    0.14285714285715    0.00000000000000    0.28571428571428             2
    0.28571428571428    0.00000000000000    0.28571428571429             2
    0.42857142857143   -0.00000000000000    0.28571428571429             2
   -0.42857142857143    0.00000000000000    0.28571428571428             2
   -0.28571428571428    0.00000000000000    0.28571428571428             2
   -0.14285714285715   -0.00000000000000    0.28571428571429             2
   -0.00000000000000    0.14285714285715    0.28571428571429             2
    0.14285714285715    0.14285714285715    0.28571428571429             2
    0.28571428571428    0.14285714285715    0.28571428571428             2
    0.42857142857143    0.14285714285715    0.28571428571428             2
   -0.42857142857143    0.14285714285715    0.28571428571429             2
   -0.28571428571428    0.14285714285715    0.28571428571428             2
   -0.14285714285715    0.14285714285715    0.28571428571429             2
    0.00000000000000    0.28571428571428    0.28571428571428             2
    0.14285714285715    0.28571428571428    0.28571428571428             2
    0.28571428571428    0.28571428571428    0.28571428571429             2
    0.42857142857143    0.28571428571428    0.28571428571429             2
   -0.42857142857143    0.28571428571428    0.28571428571428             2
   -0.28571428571428    0.28571428571428    0.28571428571429             2
   -0.14285714285715    0.28571428571428    0.28571428571429             2
   -0.00000000000000    0.42857142857143    0.28571428571429             2
    0.14285714285715    0.42857142857143    0.28571428571429             2
    0.28571428571428    0.42857142857143    0.28571428571428             2
    0.42857142857143    0.42857142857143    0.28571428571429             2
   -0.42857142857143    0.42857142857143    0.28571428571429             2
   -0.28571428571428    0.42857142857143    0.28571428571428             2
   -0.14285714285715    0.42857142857143    0.28571428571429             2
   -0.00000000000000   -0.42857142857143    0.28571428571428             2
    0.14285714285715   -0.42857142857143    0.28571428571429             2
    0.28571428571428   -0.42857142857143    0.28571428571429             2
    0.42857142857143   -0.42857142857143    0.28571428571429             2
   -0.42857142857143   -0.42857142857143    0.28571428571428             2
   -0.28571428571428   -0.42857142857143    0.28571428571429             2
   -0.14285714285715   -0.42857142857143    0.28571428571428             2
   -0.00000000000000   -0.28571428571428    0.28571428571429             2
    0.14285714285715   -0.28571428571428    0.28571428571428             2
    0.28571428571428   -0.28571428571428    0.28571428571428             2
    0.42857142857143   -0.28571428571428    0.28571428571429             2
   -0.42857142857143   -0.28571428571428    0.28571428571428             2
   -0.28571428571428   -0.28571428571428    0.28571428571428             2
   -0.14285714285715   -0.28571428571428    0.28571428571429             2
    0.00000000000000   -0.14285714285715    0.28571428571428             2
    0.14285714285715   -0.14285714285715    0.28571428571429             2
    0.28571428571428   -0.14285714285715    0.28571428571429             2
    0.42857142857143   -0.14285714285715    0.28571428571428             2
   -0.42857142857143   -0.14285714285715    0.28571428571428             2
   -0.28571428571428   -0.14285714285715    0.28571428571429             2
   -0.14285714285715   -0.14285714285715    0.28571428571428             2
    0.00000000000000    0.00000000000000    0.42857142857143             2
    0.14285714285715   -0.00000000000000    0.42857142857143             2
    0.28571428571428    0.00000000000000    0.42857142857143             2
    0.42857142857143    0.00000000000000    0.42857142857143             2
   -0.42857142857143    0.00000000000000    0.42857142857143             2
   -0.28571428571428    0.00000000000000    0.42857142857143             2
   -0.14285714285715   -0.00000000000000    0.42857142857143             2
    0.00000000000000    0.14285714285715    0.42857142857143             2
    0.14285714285715    0.14285714285715    0.42857142857143             2
    0.28571428571428    0.14285714285715    0.42857142857142             2
    0.42857142857143    0.14285714285715    0.42857142857142             2
   -0.42857142857143    0.14285714285715    0.42857142857143             2
   -0.28571428571428    0.14285714285715    0.42857142857143             2
   -0.14285714285715    0.14285714285715    0.42857142857143             2
    0.00000000000000    0.28571428571428    0.42857142857143             2
    0.14285714285715    0.28571428571428    0.42857142857143             2
    0.28571428571428    0.28571428571428    0.42857142857143             2
    0.42857142857143    0.28571428571428    0.42857142857143             2
   -0.42857142857143    0.28571428571428    0.42857142857142             2
   -0.28571428571428    0.28571428571428    0.42857142857143             2
   -0.14285714285715    0.28571428571428    0.42857142857143             2
    0.00000000000000    0.42857142857143    0.42857142857143             2
    0.14285714285715    0.42857142857143    0.42857142857143             2
    0.28571428571428    0.42857142857143    0.42857142857142             2
    0.42857142857143    0.42857142857143    0.42857142857143             2
   -0.42857142857143    0.42857142857143    0.42857142857143             2
   -0.28571428571428    0.42857142857143    0.42857142857143             2
   -0.14285714285715    0.42857142857143    0.42857142857143             2
   -0.00000000000000   -0.42857142857143    0.42857142857143             2
    0.14285714285715   -0.42857142857143    0.42857142857143             2
    0.28571428571428   -0.42857142857143    0.42857142857143             2
    0.42857142857143   -0.42857142857143    0.42857142857143             2
   -0.42857142857143   -0.42857142857143    0.42857142857142             2
   -0.28571428571428   -0.42857142857143    0.42857142857143             2
   -0.14285714285715   -0.42857142857143    0.42857142857143             2
   -0.00000000000000   -0.28571428571428    0.42857142857143             2
    0.14285714285715   -0.28571428571428    0.42857142857143             2
    0.28571428571428   -0.28571428571428    0.42857142857142             2
    0.42857142857143   -0.28571428571428    0.42857142857143             2
   -0.42857142857143   -0.28571428571428    0.42857142857143             2
   -0.28571428571428   -0.28571428571428    0.42857142857142             2
   -0.14285714285715   -0.28571428571428    0.42857142857143             2
   -0.00000000000000   -0.14285714285715    0.42857142857142             2
    0.14285714285715   -0.14285714285715    0.42857142857143             2
    0.28571428571428   -0.14285714285715    0.42857142857143             2
    0.42857142857143   -0.14285714285715    0.42857142857143             2
   -0.42857142857143   -0.14285714285715    0.42857142857143             2
   -0.28571428571428   -0.14285714285715    0.42857142857143             2
   -0.14285714285715   -0.14285714285715    0.42857142857143             2
Tetrahedra
      1026    0.00048590864917
         2         1         5         6        34
         2         1         2         6        34
         2         1         2        27        34
         2         1         5        33        34
         2         1        26        33        34
         2         1        26        27        34
         2         2         6         7        35
         2         2         3         7        35
         2         2         3        28        35
         2         2         6        34        35
         2         2        27        34        35
         2         2        27        28        35
         2         3         7         8        36
         2         3         4         8        36
         2         3         4        29        36
         2         3         7        35        36
         2         3        28        35        36
         2         3        28        29        36
         2         4         8         9        37
         2         4         4         9        37
         2         4         4        30        37
         2         4         8        36        37
         2         4        29        36        37
         2         4        29        30        37
         2         4         9        10        38
         2         3         4        10        38
         2         3         4        31        38
         2         4         9        37        38
         2         4        30        37        38
         2         4        30        31        38
         2         3        10        11        39
         2         2         3        11        39
         2         2         3        32        39
         2         3        10        38        39
         2         3        31        38        39
         2         3        31        32        39
         2         2         5        11        33
         2         1         2         5        33
         2         1         2        26        33
         2         2        11        33        39
         2         2        32        33        39
         2         2        26        32        33
         2         5        12        13        41
         2         5         6        13        41
         2         5         6        34        41
         2         5        12        40        41
         2         5        33        40        41
         2         5        33        34        41
         2         6        13        14        42
         2         6         7        14        42
         2         6         7        35        42
         2         6        13        41        42
         2         6        34        41        42
         2         6        34        35        42
         2         7        14        15        43
         2         7         8        15        43
         2         7         8        36        43
         2         7        14        42        43
         2         7        35        42        43
         2         7        35        36        43
         2         8        15        16        44
         2         8         9        16        44
         2         8         9        37        44
         2         8        15        43        44
         2         8        36        43        44
         2         8        36        37        44
         2         9        16        17        45
         2         9        10        17        45
         2         9        10        38        45
         2         9        16        44        45
         2         9        37        44        45
         2         9        37        38        45
         2        10        17        18        46
         2        10        11        18        46
         2        10        11        39        46
         2        10        17        45        46
         2        10        38        45        46
         2        10        38        39        46
         2        11        12        18        40
         2         5        11        12        40
         2         5        11        33        40
         2        11        18        40        46
         2        11        39        40        46
         2        11        33        39        40
         2        12        19        20        48
         2        12        13        20        48
         2        12        13        41        48
         2        12        19        47        48
         2        12        40        47        48
         2        12        40        41        48
         2        13        20        21        49
         2        13        14        21        49
         2        13        14        42        49
         2        13        20        48        49
         2        13        41        48        49
         2        13        41        42        49
         2        14        21        22        50
         2        14        15        22        50
         2        14        15        43        50
         2        14        21        49        50
         2        14        42        49        50
         2        14        42        43        50
         2        15        22        23        51
         2        15        16        23        51
         2        15        16        44        51
         2        15        22        50        51
         2        15        43        50        51
         2        15        43        44        51
         2        16        23        24        52
         2        16        17        24        52
         2        16        17        45        52
         2        16        23        51        52
         2        16        44        51        52
         2        16        44        45        52
         2        17        24        25        53
         2        17        18        25        53
         2        17        18        46        53
         2        17        24        52        53
         2        17        45        52        53
         2        17        45        46        53
         2        18        19        25        47
         2        12        18        19        47
         2        12        18        40        47
         2        18        25        47        53
         2        18        46        47        53
         2        18        40        46        47
         2        19        19        25        55
         2        19        20        25        55
         2        19        20        48        55
         2        19        19        54        55
         2        19        47        54        55
         2        19        47        48        55
         2        20        24        25        56
         2        20        21        24        56
         2        20        21        49        56
         2        20        25        55        56
         2        20        48        55        56
         2        20        48        49        56
         2        21        23        24        57
         2        21        22        23        57
         2        21        22        50        57
         2        21        24        56        57
         2        21        49        56        57
         2        21        49        50        57
         4        22        22        23        58
         2        22        23        51        58
         2        22        23        57        58
         2        22        50        57        58
         2        22        50        51        58
         2        21        22        23        59
         2        21        23        24        59
         2        23        24        52        59
         2        22        23        58        59
         2        23        51        58        59
         2        23        51        52        59
         2        20        21        24        60
         2        20        24        25        60
         2        24        25        53        60
         2        21        24        59        60
         2        24        52        59        60
         2        24        52        53        60
         2        19        20        25        54
         2        19        19        25        54
         2        19        25        47        54
         2        20        25        54        60
         2        25        53        54        60
         2        25        47        53        54
         2        12        18        19        62
         2        18        19        25        62
         2        19        25        55        62
         2        12        19        61        62
         2        19        54        61        62
         2        19        54        55        62
         2        17        18        25        63
         2        17        24        25        63
         2        24        25        56        63
         2        18        25        62        63
         2        25        55        62        63
         2        25        55        56        63
         2        16        17        24        64
         2        16        23        24        64
         2        23        24        57        64
         2        17        24        63        64
         2        24        56        63        64
         2        24        56        57        64
         2        15        16        23        65
         2        15        22        23        65
         2        22        23        58        65
         2        16        23        64        65
         2        23        57        64        65
         2        23        57        58        65
         2        14        15        22        66
         2        14        21        22        66
         2        21        22        59        66
         2        15        22        65        66
         2        22        58        65        66
         2        22        58        59        66
         2        13        14        21        67
         2        13        20        21        67
         2        20        21        60        67
         2        14        21        66        67
         2        21        59        66        67
         2        21        59        60        67
         2        12        13        20        61
         2        12        19        20        61
         2        19        20        54        61
         2        13        20        61        67
         2        20        60        61        67
         2        20        54        60        61
         2         5        11        12        69
         2        11        12        18        69
         2        12        18        62        69
         2         5        12        68        69
         2        12        61        68        69
         2        12        61        62        69
         2        10        11        18        70
         2        10        17        18        70
         2        17        18        63        70
         2        11        18        69        70
         2        18        62        69        70
         2        18        62        63        70
         2         9        10        17        71
         2         9        16        17        71
         2        16        17        64        71
         2        10        17        70        71
         2        17        63        70        71
         2        17        63        64        71
         2         8         9        16        72
         2         8        15        16        72
         2        15        16        65        72
         2         9        16        71        72
         2        16        64        71        72
         2        16        64        65        72
         2         7         8        15        73
         2         7        14        15        73
         2        14        15        66        73
         2         8        15        72        73
         2        15        65        72        73
         2        15        65        66        73
         2         6         7        14        74
         2         6        13        14        74
         2        13        14        67        74
         2         7        14        73        74
         2        14        66        73        74
         2        14        66        67        74
         2         5         6        13        68
         2         5        12        13        68
         2        12        13        61        68
         2         6        13        68        74
         2        13        67        68        74
         2        13        61        67        68
         2         1         2         5        27
         2         2         5        11        27
         2         5        11        27        69
         2         1         5        26        27
         2         5        26        27        68
         2         5        27        68        69
         2         2         3        11        28
         2         3        10        11        28
         2        10        11        28        70
         2         2        11        27        28
         2        11        27        28        69
         2        11        28        69        70
         2         3         4        10        29
         2         4         9        10        29
         2         9        10        29        71
         2         3        10        28        29
         2        10        28        29        70
         2        10        29        70        71
         2         4         4         9        30
         2         4         8         9        30
         2         8         9        30        72
         2         4         9        29        30
         2         9        29        30        71
         2         9        30        71        72
         2         3         4         8        31
         2         3         7         8        31
         2         7         8        31        73
         2         4         8        30        31
         2         8        30        31        72
         2         8        31        72        73
         2         2         3         7        32
         2         2         6         7        32
         2         6         7        32        74
         2         3         7        31        32
         2         7        31        32        73
         2         7        32        73        74
         2         1         2         6        26
         2         1         5         6        26
         2         5         6        26        68
         2         2         6        26        32
         2         6        26        32        74
         2         6        26        68        74
         2        26        33        34        83
         2        26        27        34        83
         2        26        27        76        83
         2        26        33        82        83
         2        26        75        82        83
         2        26        75        76        83
         2        27        34        35        84
         2        27        28        35        84
         2        27        28        77        84
         2        27        34        83        84
         2        27        76        83        84
         2        27        76        77        84
         2        28        35        36        85
         2        28        29        36        85
         2        28        29        78        85
         2        28        35        84        85
         2        28        77        84        85
         2        28        77        78        85
         2        29        36        37        86
         2        29        30        37        86
         2        29        30        79        86
         2        29        36        85        86
         2        29        78        85        86
         2        29        78        79        86
         2        30        37        38        87
         2        30        31        38        87
         2        30        31        80        87
         2        30        37        86        87
         2        30        79        86        87
         2        30        79        80        87
         2        31        38        39        88
         2        31        32        39        88
         2        31        32        81        88
         2        31        38        87        88
         2        31        80        87        88
         2        31        80        81        88
         2        32        33        39        82
         2        26        32        33        82
         2        26        32        75        82
         2        32        39        82        88
         2        32        81        82        88
         2        32        75        81        82
         2        33        40        41        90
         2        33        34        41        90
         2        33        34        83        90
         2        33        40        89        90
         2        33        82        89        90
         2        33        82        83        90
         2        34        41        42        91
         2        34        35        42        91
         2        34        35        84        91
         2        34        41        90        91
         2        34        83        90        91
         2        34        83        84        91
         2        35        42        43        92
         2        35        36        43        92
         2        35        36        85        92
         2        35        42        91        92
         2        35        84        91        92
         2        35        84        85        92
         2        36        43        44        93
         2        36        37        44        93
         2        36        37        86        93
         2        36        43        92        93
         2        36        85        92        93
         2        36        85        86        93
         2        37        44        45        94
         2        37        38        45        94
         2        37        38        87        94
         2        37        44        93        94
         2        37        86        93        94
         2        37        86        87        94
         2        38        45        46        95
         2        38        39        46        95
         2        38        39        88        95
         2        38        45        94        95
         2        38        87        94        95
         2        38        87        88        95
         2        39        40        46        89
         2        33        39        40        89
         2        33        39        82        89
         2        39        46        89        95
         2        39        88        89        95
         2        39        82        88        89
         2        40        47        48        97
         2        40        41        48        97
         2        40        41        90        97
         2        40        47        96        97
         2        40        89        96        97
         2        40        89        90        97
         2        41        48        49        98
         2        41        42        49        98
         2        41        42        91        98
         2        41        48        97        98
         2        41        90        97        98
         2        41        90        91        98
         2        42        49        50        99
         2        42        43        50        99
         2        42        43        92        99
         2        42        49        98        99
         2        42        91        98        99
         2        42        91        92        99
         2        43        50        51       100
         2        43        44        51       100
         2        43        44        93       100
         2        43        50        99       100
         2        43        92        99       100
         2        43        92        93       100
         2        44        51        52       101
         2        44        45        52       101
         2        44        45        94       101
         2        44        51       100       101
         2        44        93       100       101
         2        44        93        94       101
         2        45        52        53       102
         2        45        46        53       102
         2        45        46        95       102
         2        45        52       101       102
         2        45        94       101       102
         2        45        94        95       102
         2        46        47        53        96
         2        40        46        47        96
         2        40        46        89        96
         2        46        53        96       102
         2        46        95        96       102
         2        46        89        95        96
         2        47        54        55       104
         2        47        48        55       104
         2        47        48        97       104
         2        47        54       103       104
         2        47        96       103       104
         2        47        96        97       104
         2        48        55        56       105
         2        48        49        56       105
         2        48        49        98       105
         2        48        55       104       105
         2        48        97       104       105
         2        48        97        98       105
         2        49        56        57       106
         2        49        50        57       106
         2        49        50        99       106
         2        49        56       105       106
         2        49        98       105       106
         2        49        98        99       106
         2        50        57        58       107
         2        50        51        58       107
         2        50        51       100       107
         2        50        57       106       107
         2        50        99       106       107
         2        50        99       100       107
         2        51        58        59       108
         2        51        52        59       108
         2        51        52       101       108
         2        51        58       107       108
         2        51       100       107       108
         2        51       100       101       108
         2        52        59        60       109
         2        52        53        60       109
         2        52        53       102       109
         2        52        59       108       109
         2        52       101       108       109
         2        52       101       102       109
         2        53        54        60       103
         2        47        53        54       103
         2        47        53        96       103
         2        53        60       103       109
         2        53       102       103       109
         2        53        96       102       103
         2        54        61        62       111
         2        54        55        62       111
         2        54        55       104       111
         2        54        61       110       111
         2        54       103       110       111
         2        54       103       104       111
         2        55        62        63       112
         2        55        56        63       112
         2        55        56       105       112
         2        55        62       111       112
         2        55       104       111       112
         2        55       104       105       112
         2        56        63        64       113
         2        56        57        64       113
         2        56        57       106       113
         2        56        63       112       113
         2        56       105       112       113
         2        56       105       106       113
         2        57        64        65       114
         2        57        58        65       114
         2        57        58       107       114
         2        57        64       113       114
         2        57       106       113       114
         2        57       106       107       114
         2        58        65        66       115
         2        58        59        66       115
         2        58        59       108       115
         2        58        65       114       115
         2        58       107       114       115
         2        58       107       108       115
         2        59        66        67       116
         2        59        60        67       116
         2        59        60       109       116
         2        59        66       115       116
         2        59       108       115       116
         2        59       108       109       116
         2        60        61        67       110
         2        54        60        61       110
         2        54        60       103       110
         2        60        67       110       116
         2        60       109       110       116
         2        60       103       109       110
         2        61        68        69       118
         2        61        62        69       118
         2        61        62       111       118
         2        61        68       117       118
         2        61       110       117       118
         2        61       110       111       118
         2        62        69        70       119
         2        62        63        70       119
         2        62        63       112       119
         2        62        69       118       119
         2        62       111       118       119
         2        62       111       112       119
         2        63        70        71       120
         2        63        64        71       120
         2        63        64       113       120
         2        63        70       119       120
         2        63       112       119       120
         2        63       112       113       120
         2        64        71        72       121
         2        64        65        72       121
         2        64        65       114       121
         2        64        71       120       121
         2        64       113       120       121
         2        64       113       114       121
         2        65        72        73       122
         2        65        66        73       122
         2        65        66       115       122
         2        65        72       121       122
         2        65       114       121       122
         2        65       114       115       122
         2        66        73        74       123
         2        66        67        74       123
         2        66        67       116       123
         2        66        73       122       123
         2        66       115       122       123
         2        66       115       116       123
         2        67        68        74       117
         2        61        67        68       117
         2        61        67       110       117
         2        67        74       117       123
         2        67       116       117       123
         2        67       110       116       117
         2        26        27        68        76
         2        27        68        69        76
         2        68        69        76       118
         2        26        68        75        76
         2        68        75        76       117
         2        68        76       117       118
         2        27        28        69        77
         2        28        69        70        77
         2        69        70        77       119
         2        27        69        76        77
         2        69        76        77       118
         2        69        77       118       119
         2        28        29        70        78
         2        29        70        71        78
         2        70        71        78       120
         2        28        70        77        78
         2        70        77        78       119
         2        70        78       119       120
         2        29        30        71        79
         2        30        71        72        79
         2        71        72        79       121
         2        29        71        78        79
         2        71        78        79       120
         2        71        79       120       121
         2        30        31        72        80
         2        31        72        73        80
         2        72        73        80       122
         2        30        72        79        80
         2        72        79        80       121
         2        72        80       121       122
         2        31        32        73        81
         2        32        73        74        81
         2        73        74        81       123
         2        31        73        80        81
         2        73        80        81       122
         2        73        81       122       123
         2        26        32        74        75
         2        26        68        74        75
         2        68        74        75       117
         2        32        74        75        81
         2        74        75        81       123
         2        74        75       117       123
         2        75        82        83       132
         2        75        76        83       132
         2        75        76       125       132
         2        75        82       131       132
         2        75       124       131       132
         2        75       124       125       132
         2        76        83        84       133
         2        76        77        84       133
         2        76        77       126       133
         2        76        83       132       133
         2        76       125       132       133
         2        76       125       126       133
         2        77        84        85       134
         2        77        78        85       134
         2        77        78       127       134
         2        77        84       133       134
         2        77       126       133       134
         2        77       126       127       134
         2        78        85        86       135
         2        78        79        86       135
         2        78        79       128       135
         2        78        85       134       135
         2        78       127       134       135
         2        78       127       128       135
         2        79        86        87       136
         2        79        80        87       136
         2        79        80       129       136
         2        79        86       135       136
         2        79       128       135       136
         2        79       128       129       136
         2        80        87        88       137
         2        80        81        88       137
         2        80        81       130       137
         2        80        87       136       137
         2        80       129       136       137
         2        80       129       130       137
         2        81        82        88       131
         2        75        81        82       131
         2        75        81       124       131
         2        81        88       131       137
         2        81       130       131       137
         2        81       124       130       131
         2        82        89        90       139
         2        82        83        90       139
         2        82        83       132       139
         2        82        89       138       139
         2        82       131       138       139
         2        82       131       132       139
         2        83        90        91       140
         2        83        84        91       140
         2        83        84       133       140
         2        83        90       139       140
         2        83       132       139       140
         2        83       132       133       140
         2        84        91        92       141
         2        84        85        92       141
         2        84        85       134       141
         2        84        91       140       141
         2        84       133       140       141
         2        84       133       134       141
         2        85        92        93       142
         2        85        86        93       142
         2        85        86       135       142
         2        85        92       141       142
         2        85       134       141       142
         2        85       134       135       142
         2        86        93        94       143
         2        86        87        94       143
         2        86        87       136       143
         2        86        93       142       143
         2        86       135       142       143
         2        86       135       136       143
         2        87        94        95       144
         2        87        88        95       144
         2        87        88       137       144
         2        87        94       143       144
         2        87       136       143       144
         2        87       136       137       144
         2        88        89        95       138
         2        82        88        89       138
         2        82        88       131       138
         2        88        95       138       144
         2        88       137       138       144
         2        88       131       137       138
         2        89        96        97       146
         2        89        90        97       146
         2        89        90       139       146
         2        89        96       145       146
         2        89       138       145       146
         2        89       138       139       146
         2        90        97        98       147
         2        90        91        98       147
         2        90        91       140       147
         2        90        97       146       147
         2        90       139       146       147
         2        90       139       140       147
         2        91        98        99       148
         2        91        92        99       148
         2        91        92       141       148
         2        91        98       147       148
         2        91       140       147       148
         2        91       140       141       148
         2        92        99       100       149
         2        92        93       100       149
         2        92        93       142       149
         2        92        99       148       149
         2        92       141       148       149
         2        92       141       142       149
         2        93       100       101       150
         2        93        94       101       150
         2        93        94       143       150
         2        93       100       149       150
         2        93       142       149       150
         2        93       142       143       150
         2        94       101       102       151
         2        94        95       102       151
         2        94        95       144       151
         2        94       101       150       151
         2        94       143       150       151
         2        94       143       144       151
         2        95        96       102       145
         2        89        95        96       145
         2        89        95       138       145
         2        95       102       145       151
         2        95       144       145       151
         2        95       138       144       145
         2        96       103       104       153
         2        96        97       104       153
         2        96        97       146       153
         2        96       103       152       153
         2        96       145       152       153
         2        96       145       146       153
         2        97       104       105       154
         2        97        98       105       154
         2        97        98       147       154
         2        97       104       153       154
         2        97       146       153       154
         2        97       146       147       154
         2        98       105       106       155
         2        98        99       106       155
         2        98        99       148       155
         2        98       105       154       155
         2        98       147       154       155
         2        98       147       148       155
         2        99       106       107       156
         2        99       100       107       156
         2        99       100       149       156
         2        99       106       155       156
         2        99       148       155       156
         2        99       148       149       156
         2       100       107       108       157
         2       100       101       108       157
         2       100       101       150       157
         2       100       107       156       157
         2       100       149       156       157
         2       100       149       150       157
         2       101       108       109       158
         2       101       102       109       158
         2       101       102       151       158
         2       101       108       157       158
         2       101       150       157       158
         2       101       150       151       158
         2       102       103       109       152
         2        96       102       103       152
         2        96       102       145       152
         2       102       109       152       158
         2       102       151       152       158
         2       102       145       151       152
         2       103       110       111       160
         2       103       104       111       160
         2       103       104       153       160
         2       103       110       159       160
         2       103       152       159       160
         2       103       152       153       160
         2       104       111       112       161
         2       104       105       112       161
         2       104       105       154       161
         2       104       111       160       161
         2       104       153       160       161
         2       104       153       154       161
         2       105       112       113       162
         2       105       106       113       162
         2       105       106       155       162
         2       105       112       161       162
         2       105       154       161       162
         2       105       154       155       162
         2       106       113       114       163
         2       106       107       114       163
         2       106       107       156       163
         2       106       113       162       163
         2       106       155       162       163
         2       106       155       156       163
         2       107       114       115       164
         2       107       108       115       164
         2       107       108       157       164
         2       107       114       163       164
         2       107       156       163       164
         2       107       156       157       164
         2       108       115       116       165
         2       108       109       116       165
         2       108       109       158       165
         2       108       115       164       165
         2       108       157       164       165
         2       108       157       158       165
         2       109       110       116       159
         2       103       109       110       159
         2       103       109       152       159
         2       109       116       159       165
         2       109       158       159       165
         2       109       152       158       159
         2       110       117       118       167
         2       110       111       118       167
         2       110       111       160       167
         2       110       117       166       167
         2       110       159       166       167
         2       110       159       160       167
         2       111       118       119       168
         2       111       112       119       168
         2       111       112       161       168
         2       111       118       167       168
         2       111       160       167       168
         2       111       160       161       168
         2       112       119       120       169
         2       112       113       120       169
         2       112       113       162       169
         2       112       119       168       169
         2       112       161       168       169
         2       112       161       162       169
         2       113       120       121       170
         2       113       114       121       170
         2       113       114       163       170
         2       113       120       169       170
         2       113       162       169       170
         2       113       162       163       170
         2       114       121       122       171
         2       114       115       122       171
         2       114       115       164       171
         2       114       121       170       171
         2       114       163       170       171
         2       114       163       164       171
         2       115       122       123       172
         2       115       116       123       172
         2       115       116       165       172
         2       115       122       171       172
         2       115       164       171       172
         2       115       164       165       172
         2       116       117       123       166
         2       110       116       117       166
         2       110       116       159       166
         2       116       123       166       172
         2       116       165       166       172
         2       116       159       165       166
         2        75        76       117       125
         2        76       117       118       125
         2       117       118       125       167
         2        75       117       124       125
         2       117       124       125       166
         2       117       125       166       167
         2        76        77       118       126
         2        77       118       119       126
         2       118       119       126       168
         2        76       118       125       126
         2       118       125       126       167
         2       118       126       167       168
         2        77        78       119       127
         2        78       119       120       127
         2       119       120       127       169
         2        77       119       126       127
         2       119       126       127       168
         2       119       127       168       169
         2        78        79       120       128
         2        79       120       121       128
         2       120       121       128       170
         2        78       120       127       128
         2       120       127       128       169
         2       120       128       169       170
         2        79        80       121       129
         2        80       121       122       129
         2       121       122       129       171
         2        79       121       128       129
         2       121       128       129       170
         2       121       129       170       171
         2        80        81       122       130
         2        81       122       123       130
         2       122       123       130       172
         2        80       122       129       130
         2       122       129       130       171
         2       122       130       171       172
         2        75        81       123       124
         2        75       117       123       124
         2       117       123       124       166
         2        81       123       124       130
         2       123       124       130       172
         2       123       124       166       172
         2       124       131       132       172
         2       124       125       132       172
         2       124       125       130       172
         2       124       131       166       172
         2       124       124       166       172
         2       124       124       130       172
         2       125       132       133       171
         2       125       126       133       171
         2       125       126       129       171
         2       125       132       171       172
         2       125       130       171       172
         2       125       129       130       171
         2       126       133       134       170
         2       126       127       134       170
         2       126       127       128       170
         2       126       133       170       171
         2       126       129       170       171
         2       126       128       129       170
         2       127       134       135       169
         2       127       128       135       169
         4       127       127       128       169
         2       127       134       169       170
         2       127       128       169       170
         2       128       135       136       168
         2       128       129       136       168
         2       126       128       129       168
         2       128       135       168       169
         2       127       128       168       169
         2       126       127       128       168
         2       129       136       137       167
         2       129       130       137       167
         2       125       129       130       167
         2       129       136       167       168
         2       126       129       167       168
         2       125       126       129       167
         2       130       131       137       166
         2       124       130       131       166
         2       124       124       130       166
         2       130       137       166       167
         2       125       130       166       167
         2       124       125       130       166
         2       131       138       139       165
         2       131       132       139       165
         2       131       132       165       172
         2       131       138       159       165
         2       131       159       165       166
         2       131       165       166       172
         2       132       139       140       164
         2       132       133       140       164
         2       132       133       164       171
         2       132       139       164       165
         2       132       164       165       172
         2       132       164       171       172
         2       133       140       141       163
         2       133       134       141       163
         2       133       134       163       170
         2       133       140       163       164
         2       133       163       164       171
         2       133       163       170       171
         2       134       141       142       162
         2       134       135       142       162
         2       134       135       162       169
         2       134       141       162       163
         2       134       162       163       170
         2       134       162       169       170
         2       135       142       143       161
         2       135       136       143       161
         2       135       136       161       168
         2       135       142       161       162
         2       135       161       162       169
         2       135       161       168       169
         2       136       143       144       160
         2       136       137       144       160
         2       136       137       160       167
         2       136       143       160       161
         2       136       160       161       168
         2       136       160       167       168
         2       137       138       144       159
         2       131       137       138       159
         2       131       137       159       166
         2       137       144       159       160
         2       137       159       160       167
         2       137       159       166       167
         2       138       145       146       158
         2       138       139       146       158
         2       138       139       158       165
         2       138       145       152       158
         2       138       152       158       159
         2       138       158       159       165
         2       139       146       147       157
         2       139       140       147       157
         2       139       140       157       164
         2       139       146       157       158
         2       139       157       158       165
         2       139       157       164       165
         2       140       147       148       156
         2       140       141       148       156
         2       140       141       156       163
         2       140       147       156       157
         2       140       156       157       164
         2       140       156       163       164
         2       141       148       149       155
         2       141       142       149       155
         2       141       142       155       162
         2       141       148       155       156
         2       141       155       156       163
         2       141       155       162       163
         2       142       149       150       154
         2       142       143       150       154
         2       142       143       154       161
         2       142       149       154       155
         2       142       154       155       162
         2       142       154       161       162
         2       143       150       151       153
         2       143       144       151       153
         2       143       144       153       160
         2       143       150       153       154
         2       143       153       154       161
         2       143       153       160       161
         2       144       145       151       152
         2       138       144       145       152
         2       138       144       152       159
         2       144       151       152       153
         2       144       152       153       160
         2       144       152       159       160
         2       145       151       152       153
         2       145       146       151       153
         2       145       146       151       158
         4       145       145       151       152
         2       145       151       152       158
         2       146       150       153       154
         2       146       147       150       154
         2       146       147       150       157
         2       146       150       151       153
         2       146       150       151       158
         2       146       150       157       158
         2       147       149       154       155
         2       147       148       149       155
         2       147       148       149       156
         2       147       149       150       154
         2       147       149       150       157
         2       147       149       156       157
         2       148       148       155       156
         2       148       148       149       156
         2       148       148       149       155
