Automatically generated mesh
     277
Reciprocal lattice
    0.00000000000000    0.00000000000000    0.00000000000000             1
    0.08333333333334   -0.00000000000000   -0.00000000000000             4
    0.16666666666666   -0.00000000000000   -0.00000000000000             4
    0.25000000000000   -0.00000000000000   -0.00000000000000             4
    0.33333333333334   -0.00000000000000   -0.00000000000000             4
    0.41666666666666   -0.00000000000000   -0.00000000000000             4
    0.50000000000000   -0.00000000000000   -0.00000000000000             2
    0.08333333333334    0.08333333333334   -0.00000000000000             2
    0.16666666666666    0.08333333333334   -0.00000000000000             4
    0.25000000000000    0.08333333333334   -0.00000000000000             4
    0.33333333333334    0.08333333333334   -0.00000000000000             4
    0.41666666666666    0.08333333333334   -0.00000000000000             4
    0.50000000000000    0.08333333333334   -0.00000000000000             4
   -0.41666666666666    0.08333333333334    0.00000000000000             4
   -0.33333333333334    0.08333333333334   -0.00000000000000             4
   -0.25000000000000    0.08333333333334    0.00000000000000             4
   -0.16666666666666    0.08333333333334   -0.00000000000000             4
   -0.08333333333334    0.08333333333334   -0.00000000000000             2
    0.16666666666666    0.16666666666666   -0.00000000000000             2
    0.25000000000000    0.16666666666666   -0.00000000000000             4
    0.33333333333334    0.16666666666666   -0.00000000000000             4
    0.41666666666666    0.16666666666666   -0.00000000000000             4
    0.50000000000000    0.16666666666666   -0.00000000000000             4
   -0.41666666666666    0.16666666666666   -0.00000000000000             4
   -0.33333333333334    0.16666666666666    0.00000000000000             4
   -0.25000000000000    0.16666666666666   -0.00000000000000             4
   -0.16666666666666    0.16666666666666   -0.00000000000000             2
    0.25000000000000    0.25000000000000   -0.00000000000000             2
    0.33333333333334    0.25000000000000   -0.00000000000000             4
    0.41666666666666    0.25000000000000   -0.00000000000000             4
    0.50000000000000    0.25000000000000   -0.00000000000000             4
   -0.41666666666666    0.25000000000000    0.00000000000000             4
   -0.33333333333334    0.25000000000000   -0.00000000000000             4
   -0.25000000000000    0.25000000000000   -0.00000000000000             2
    0.33333333333334    0.33333333333334   -0.00000000000000             2
    0.41666666666666    0.33333333333334   -0.00000000000000             4
    0.50000000000000    0.33333333333334   -0.00000000000000             4
   -0.41666666666666    0.33333333333334   -0.00000000000000             4
   -0.33333333333334    0.33333333333334   -0.00000000000000             2
    0.41666666666666    0.41666666666666   -0.00000000000000             2
    0.50000000000000    0.41666666666666   -0.00000000000000             4
   -0.41666666666666    0.41666666666666   -0.00000000000000             2
    0.50000000000000    0.50000000000000   -0.00000000000000             1
   -0.00000000000000   -0.00000000000000    0.14285714285714             2
    0.08333333333334   -0.00000000000000    0.14285714285714             4
    0.16666666666666   -0.00000000000000    0.14285714285714             4
    0.25000000000000   -0.00000000000000    0.14285714285714             4
    0.33333333333334   -0.00000000000000    0.14285714285714             4
    0.41666666666666    0.00000000000000    0.14285714285714             4
    0.50000000000000   -0.00000000000000    0.14285714285714             4
   -0.41666666666666    0.00000000000000    0.14285714285714             4
   -0.33333333333334    0.00000000000000    0.14285714285714             4
   -0.25000000000000    0.00000000000000    0.14285714285714             4
   -0.16666666666666    0.00000000000000    0.14285714285714             4
   -0.08333333333334    0.00000000000000    0.14285714285714             4
    0.08333333333334    0.08333333333334    0.14285714285714             2
    0.16666666666666    0.08333333333334    0.14285714285714             4
    0.25000000000000    0.08333333333334    0.14285714285714             4
    0.33333333333334    0.08333333333334    0.14285714285714             4
    0.41666666666666    0.08333333333334    0.14285714285714             4
    0.50000000000000    0.08333333333334    0.14285714285714             4
   -0.41666666666666    0.08333333333334    0.14285714285714             4
   -0.33333333333334    0.08333333333334    0.14285714285714             4
   -0.25000000000000    0.08333333333334    0.14285714285714             4
   -0.16666666666666    0.08333333333334    0.14285714285714             4
   -0.08333333333334    0.08333333333334    0.14285714285714             4
    0.16666666666666    0.16666666666666    0.14285714285714             2
    0.25000000000000    0.16666666666666    0.14285714285714             4
    0.33333333333334    0.16666666666666    0.14285714285714             4
    0.41666666666666    0.16666666666666    0.14285714285714             4
    0.50000000000000    0.16666666666666    0.14285714285714             4
   -0.41666666666666    0.16666666666666    0.14285714285714             4
   -0.33333333333334    0.16666666666666    0.14285714285714             4
   -0.25000000000000    0.16666666666666    0.14285714285714             4
   -0.16666666666666    0.16666666666666    0.14285714285714             4
   -0.08333333333334    0.16666666666666    0.14285714285714             4
    0.25000000000000    0.25000000000000    0.14285714285714             2
    0.33333333333334    0.25000000000000    0.14285714285714             4
    0.41666666666666    0.25000000000000    0.14285714285714             4
    0.50000000000000    0.25000000000000    0.14285714285714             4
   -0.41666666666666    0.25000000000000    0.14285714285714             4
   -0.33333333333334    0.25000000000000    0.14285714285714             4
   -0.25000000000000    0.25000000000000    0.14285714285714             4
   -0.16666666666666    0.25000000000000    0.14285714285714             4
   -0.08333333333334    0.25000000000000    0.14285714285714             4
    0.33333333333334    0.33333333333334    0.14285714285714             2
    0.41666666666666    0.33333333333334    0.14285714285714             4
    0.50000000000000    0.33333333333334    0.14285714285714             4
   -0.41666666666666    0.33333333333334    0.14285714285714             4
   -0.33333333333334    0.33333333333334    0.14285714285714             4
   -0.25000000000000    0.33333333333334    0.14285714285714             4
   -0.16666666666666    0.33333333333334    0.14285714285714             4
   -0.08333333333334    0.33333333333334    0.14285714285714             4
    0.41666666666666    0.41666666666666    0.14285714285714             2
    0.50000000000000    0.41666666666666    0.14285714285714             4
   -0.41666666666666    0.41666666666666    0.14285714285714             4
   -0.33333333333334    0.41666666666666    0.14285714285714             4
   -0.25000000000000    0.41666666666666    0.14285714285714             4
   -0.16666666666666    0.41666666666666    0.14285714285714             4
   -0.08333333333334    0.41666666666666    0.14285714285714             4
    0.50000000000000    0.50000000000000    0.14285714285714             2
   -0.41666666666666    0.50000000000000    0.14285714285714             4
   -0.33333333333334    0.50000000000000    0.14285714285714             4
   -0.25000000000000    0.50000000000000    0.14285714285714             4
   -0.16666666666666    0.50000000000000    0.14285714285714             4
   -0.08333333333334    0.50000000000000    0.14285714285714             4
   -0.41666666666666   -0.41666666666666    0.14285714285714             2
   -0.33333333333334   -0.41666666666666    0.14285714285714             4
   -0.25000000000000   -0.41666666666666    0.14285714285714             4
   -0.16666666666666   -0.41666666666666    0.14285714285714             4
   -0.08333333333334   -0.41666666666666    0.14285714285714             4
   -0.33333333333334   -0.33333333333334    0.14285714285714             2
   -0.25000000000000   -0.33333333333334    0.14285714285714             4
   -0.16666666666666   -0.33333333333334    0.14285714285714             4
   -0.08333333333334   -0.33333333333334    0.14285714285714             4
   -0.25000000000000   -0.25000000000000    0.14285714285714             2
   -0.16666666666666   -0.25000000000000    0.14285714285714             4
   -0.08333333333334   -0.25000000000000    0.14285714285714             4
   -0.16666666666666   -0.16666666666666    0.14285714285714             2
   -0.08333333333334   -0.16666666666666    0.14285714285714             4
   -0.08333333333334   -0.08333333333334    0.14285714285714             2
   -0.00000000000000   -0.00000000000000    0.28571428571429             2
    0.08333333333334   -0.00000000000000    0.28571428571429             4
    0.16666666666666   -0.00000000000000    0.28571428571429             4
    0.25000000000000   -0.00000000000000    0.28571428571429             4
    0.33333333333334   -0.00000000000000    0.28571428571429             4
    0.41666666666666   -0.00000000000000    0.28571428571429             4
    0.50000000000000   -0.00000000000000    0.28571428571429             4
   -0.41666666666666    0.00000000000000    0.28571428571429             4
   -0.33333333333334    0.00000000000000    0.28571428571429             4
   -0.25000000000000    0.00000000000000    0.28571428571429             4
   -0.16666666666666    0.00000000000000    0.28571428571429             4
   -0.08333333333334    0.00000000000000    0.28571428571429             4
    0.08333333333334    0.08333333333334    0.28571428571429             2
    0.16666666666666    0.08333333333334    0.28571428571429             4
    0.25000000000000    0.08333333333334    0.28571428571429             4
    0.33333333333334    0.08333333333334    0.28571428571429             4
    0.41666666666666    0.08333333333334    0.28571428571429             4
    0.50000000000000    0.08333333333334    0.28571428571429             4
   -0.41666666666666    0.08333333333334    0.28571428571429             4
   -0.33333333333334    0.08333333333334    0.28571428571429             4
   -0.25000000000000    0.08333333333334    0.28571428571429             4
   -0.16666666666666    0.08333333333334    0.28571428571429             4
   -0.08333333333334    0.08333333333334    0.28571428571429             4
    0.16666666666666    0.16666666666666    0.28571428571429             2
    0.25000000000000    0.16666666666666    0.28571428571429             4
    0.33333333333334    0.16666666666666    0.28571428571429             4
    0.41666666666666    0.16666666666666    0.28571428571429             4
    0.50000000000000    0.16666666666666    0.28571428571429             4
   -0.41666666666666    0.16666666666666    0.28571428571429             4
   -0.33333333333334    0.16666666666666    0.28571428571429             4
   -0.25000000000000    0.16666666666666    0.28571428571429             4
   -0.16666666666666    0.16666666666666    0.28571428571429             4
   -0.08333333333334    0.16666666666666    0.28571428571429             4
    0.25000000000000    0.25000000000000    0.28571428571429             2
    0.33333333333334    0.25000000000000    0.28571428571429             4
    0.41666666666666    0.25000000000000    0.28571428571429             4
    0.50000000000000    0.25000000000000    0.28571428571429             4
   -0.41666666666666    0.25000000000000    0.28571428571429             4
   -0.33333333333334    0.25000000000000    0.28571428571429             4
   -0.25000000000000    0.25000000000000    0.28571428571429             4
   -0.16666666666666    0.25000000000000    0.28571428571429             4
   -0.08333333333334    0.25000000000000    0.28571428571429             4
    0.33333333333334    0.33333333333334    0.28571428571429             2
    0.41666666666666    0.33333333333334    0.28571428571429             4
    0.50000000000000    0.33333333333334    0.28571428571429             4
   -0.41666666666666    0.33333333333334    0.28571428571429             4
   -0.33333333333334    0.33333333333334    0.28571428571429             4
   -0.25000000000000    0.33333333333334    0.28571428571429             4
   -0.16666666666666    0.33333333333334    0.28571428571429             4
   -0.08333333333334    0.33333333333334    0.28571428571429             4
    0.41666666666666    0.41666666666666    0.28571428571429             2
    0.50000000000000    0.41666666666666    0.28571428571429             4
   -0.41666666666666    0.41666666666666    0.28571428571429             4
   -0.33333333333334    0.41666666666666    0.28571428571429             4
   -0.25000000000000    0.41666666666666    0.28571428571429             4
   -0.16666666666666    0.41666666666666    0.28571428571429             4
   -0.08333333333334    0.41666666666666    0.28571428571429             4
    0.50000000000000    0.50000000000000    0.28571428571429             2
   -0.41666666666666    0.50000000000000    0.28571428571429             4
   -0.33333333333334    0.50000000000000    0.28571428571429             4
   -0.25000000000000    0.50000000000000    0.28571428571429             4
   -0.16666666666666    0.50000000000000    0.28571428571429             4
   -0.08333333333334    0.50000000000000    0.28571428571429             4
   -0.41666666666666   -0.41666666666666    0.28571428571429             2
   -0.33333333333334   -0.41666666666666    0.28571428571429             4
   -0.25000000000000   -0.41666666666666    0.28571428571429             4
   -0.16666666666666   -0.41666666666666    0.28571428571429             4
   -0.08333333333334   -0.41666666666666    0.28571428571429             4
   -0.33333333333334   -0.33333333333334    0.28571428571429             2
   -0.25000000000000   -0.33333333333334    0.28571428571429             4
   -0.16666666666666   -0.33333333333334    0.28571428571429             4
   -0.08333333333334   -0.33333333333334    0.28571428571429             4
   -0.25000000000000   -0.25000000000000    0.28571428571429             2
   -0.16666666666666   -0.25000000000000    0.28571428571429             4
   -0.08333333333334   -0.25000000000000    0.28571428571429             4
   -0.16666666666666   -0.16666666666666    0.28571428571429             2
   -0.08333333333334   -0.16666666666666    0.28571428571429             4
   -0.08333333333334   -0.08333333333334    0.28571428571429             2
    0.00000000000000    0.00000000000000    0.42857142857143             2
    0.08333333333334   -0.00000000000000    0.42857142857143             4
    0.16666666666666   -0.00000000000000    0.42857142857143             4
    0.25000000000000   -0.00000000000000    0.42857142857143             4
    0.33333333333334   -0.00000000000000    0.42857142857143             4
    0.41666666666666    0.00000000000000    0.42857142857143             4
    0.50000000000000   -0.00000000000000    0.42857142857143             4
   -0.41666666666666    0.00000000000000    0.42857142857143             4
   -0.33333333333334    0.00000000000000    0.42857142857143             4
   -0.25000000000000    0.00000000000000    0.42857142857143             4
   -0.16666666666666   -0.00000000000000    0.42857142857143             4
   -0.08333333333334    0.00000000000000    0.42857142857143             4
    0.08333333333334    0.08333333333334    0.42857142857143             2
    0.16666666666666    0.08333333333334    0.42857142857143             4
    0.25000000000000    0.08333333333334    0.42857142857143             4
    0.33333333333334    0.08333333333334    0.42857142857143             4
    0.41666666666666    0.08333333333334    0.42857142857143             4
    0.50000000000000    0.08333333333334    0.42857142857143             4
   -0.41666666666666    0.08333333333334    0.42857142857143             4
   -0.33333333333334    0.08333333333334    0.42857142857143             4
   -0.25000000000000    0.08333333333334    0.42857142857143             4
   -0.16666666666666    0.08333333333334    0.42857142857143             4
   -0.08333333333334    0.08333333333334    0.42857142857143             4
    0.16666666666666    0.16666666666666    0.42857142857143             2
    0.25000000000000    0.16666666666666    0.42857142857143             4
    0.33333333333334    0.16666666666666    0.42857142857143             4
    0.41666666666666    0.16666666666666    0.42857142857143             4
    0.50000000000000    0.16666666666666    0.42857142857143             4
   -0.41666666666666    0.16666666666666    0.42857142857143             4
   -0.33333333333334    0.16666666666666    0.42857142857143             4
   -0.25000000000000    0.16666666666666    0.42857142857143             4
   -0.16666666666666    0.16666666666666    0.42857142857143             4
   -0.08333333333334    0.16666666666666    0.42857142857143             4
    0.25000000000000    0.25000000000000    0.42857142857143             2
    0.33333333333334    0.25000000000000    0.42857142857143             4
    0.41666666666666    0.25000000000000    0.42857142857143             4
    0.50000000000000    0.25000000000000    0.42857142857143             4
   -0.41666666666666    0.25000000000000    0.42857142857143             4
   -0.33333333333334    0.25000000000000    0.42857142857143             4
   -0.25000000000000    0.25000000000000    0.42857142857143             4
   -0.16666666666666    0.25000000000000    0.42857142857143             4
   -0.08333333333334    0.25000000000000    0.42857142857143             4
    0.33333333333334    0.33333333333334    0.42857142857143             2
    0.41666666666666    0.33333333333334    0.42857142857143             4
    0.50000000000000    0.33333333333334    0.42857142857143             4
   -0.41666666666666    0.33333333333334    0.42857142857143             4
   -0.33333333333334    0.33333333333334    0.42857142857143             4
   -0.25000000000000    0.33333333333334    0.42857142857143             4
   -0.16666666666666    0.33333333333334    0.42857142857143             4
   -0.08333333333334    0.33333333333334    0.42857142857143             4
    0.41666666666666    0.41666666666666    0.42857142857143             2
    0.50000000000000    0.41666666666666    0.42857142857143             4
   -0.41666666666666    0.41666666666666    0.42857142857143             4
   -0.33333333333334    0.41666666666666    0.42857142857143             4
   -0.25000000000000    0.41666666666666    0.42857142857143             4
   -0.16666666666666    0.41666666666666    0.42857142857143             4
   -0.08333333333334    0.41666666666666    0.42857142857143             4
    0.50000000000000    0.50000000000000    0.42857142857143             2
   -0.41666666666666    0.50000000000000    0.42857142857143             4
   -0.33333333333334    0.50000000000000    0.42857142857143             4
   -0.25000000000000    0.50000000000000    0.42857142857143             4
   -0.16666666666666    0.50000000000000    0.42857142857143             4
   -0.08333333333334    0.50000000000000    0.42857142857143             4
   -0.41666666666666   -0.41666666666666    0.42857142857143             2
   -0.33333333333334   -0.41666666666666    0.42857142857143             4
   -0.25000000000000   -0.41666666666666    0.42857142857143             4
   -0.16666666666666   -0.41666666666666    0.42857142857143             4
   -0.08333333333334   -0.41666666666666    0.42857142857143             4
   -0.33333333333334   -0.33333333333334    0.42857142857143             2
   -0.25000000000000   -0.33333333333334    0.42857142857143             4
   -0.16666666666666   -0.33333333333334    0.42857142857143             4
   -0.08333333333334   -0.33333333333334    0.42857142857143             4
   -0.25000000000000   -0.25000000000000    0.42857142857143             2
   -0.16666666666666   -0.25000000000000    0.42857142857143             4
   -0.08333333333334   -0.25000000000000    0.42857142857143             4
   -0.16666666666666   -0.16666666666666    0.42857142857143             2
   -0.08333333333334   -0.16666666666666    0.42857142857143             4
   -0.08333333333334   -0.08333333333334    0.42857142857143             2
Tetrahedra
      1518    0.00016534391534
         4         1         2         8        56
         4         1         2        45        56
         4         1        44        45        56
         4         2         8         9        57
         4         2         3         9        57
         4         2         3        46        57
         4         2         8        56        57
         4         2        45        56        57
         4         2        45        46        57
         4         3         9        10        58
         4         3         4        10        58
         4         3         4        47        58
         4         3         9        57        58
         4         3        46        57        58
         4         3        46        47        58
         4         4        10        11        59
         4         4         5        11        59
         4         4         5        48        59
         4         4        10        58        59
         4         4        47        58        59
         4         4        47        48        59
         4         5        11        12        60
         4         5         6        12        60
         4         5         6        49        60
         4         5        11        59        60
         4         5        48        59        60
         4         5        48        49        60
         4         6        12        13        61
         4         6         7        13        61
         4         6         7        50        61
         4         6        12        60        61
         4         6        49        60        61
         4         6        49        50        61
         4         7        13        14        62
         4         6         7        14        62
         4         6         7        51        62
         4         7        13        61        62
         4         7        50        61        62
         4         7        50        51        62
         4         6        14        15        63
         4         5         6        15        63
         4         5         6        52        63
         4         6        14        62        63
         4         6        51        62        63
         4         6        51        52        63
         4         5        15        16        64
         4         4         5        16        64
         4         4         5        53        64
         4         5        15        63        64
         4         5        52        63        64
         4         5        52        53        64
         4         4        16        17        65
         4         3         4        17        65
         4         3         4        54        65
         4         4        16        64        65
         4         4        53        64        65
         4         4        53        54        65
         4         3        17        18        66
         4         2         3        18        66
         4         2         3        55        66
         4         3        17        65        66
         4         3        54        65        66
         4         3        54        55        66
         4         2         2        18        45
         4         1         2         2        45
         4         1         2        44        45
         4         2        18        45        66
         4         2        45        55        66
         4         2        44        45        55
         4         8         9        19        67
         4         8         9        57        67
         4         8        56        57        67
         4         9        19        20        68
         4         9        10        20        68
         4         9        10        58        68
         4         9        19        67        68
         4         9        57        67        68
         4         9        57        58        68
         4        10        20        21        69
         4        10        11        21        69
         4        10        11        59        69
         4        10        20        68        69
         4        10        58        68        69
         4        10        58        59        69
         4        11        21        22        70
         4        11        12        22        70
         4        11        12        60        70
         4        11        21        69        70
         4        11        59        69        70
         4        11        59        60        70
         4        12        22        23        71
         4        12        13        23        71
         4        12        13        61        71
         4        12        22        70        71
         4        12        60        70        71
         4        12        60        61        71
         4        13        23        24        72
         4        13        14        24        72
         4        13        14        62        72
         4        13        23        71        72
         4        13        61        71        72
         4        13        61        62        72
         4        14        24        25        73
         4        14        15        25        73
         4        14        15        63        73
         4        14        24        72        73
         4        14        62        72        73
         4        14        62        63        73
         4        15        25        26        74
         4        15        16        26        74
         4        15        16        64        74
         4        15        25        73        74
         4        15        63        73        74
         4        15        63        64        74
         4        16        26        27        75
         4        16        17        27        75
         4        16        17        65        75
         4        16        26        74        75
         4        16        64        74        75
         4        16        64        65        75
         4        17        17        27        76
         4        17        17        18        76
         4        17        18        66        76
         4        17        27        75        76
         4        17        65        75        76
         4        17        65        66        76
         4         3        17        18        46
         4         2         3        18        46
         4         2        18        45        46
         4        17        18        46        76
         4        18        46        66        76
         4        18        45        46        66
         4        19        20        28        77
         4        19        20        68        77
         4        19        67        68        77
         4        20        28        29        78
         4        20        21        29        78
         4        20        21        69        78
         4        20        28        77        78
         4        20        68        77        78
         4        20        68        69        78
         4        21        29        30        79
         4        21        22        30        79
         4        21        22        70        79
         4        21        29        78        79
         4        21        69        78        79
         4        21        69        70        79
         4        22        30        31        80
         4        22        23        31        80
         4        22        23        71        80
         4        22        30        79        80
         4        22        70        79        80
         4        22        70        71        80
         4        23        31        32        81
         4        23        24        32        81
         4        23        24        72        81
         4        23        31        80        81
         4        23        71        80        81
         4        23        71        72        81
         4        24        32        33        82
         4        24        25        33        82
         4        24        25        73        82
         4        24        32        81        82
         4        24        72        81        82
         4        24        72        73        82
         4        25        33        34        83
         4        25        26        34        83
         4        25        26        74        83
         4        25        33        82        83
         4        25        73        82        83
         4        25        73        74        83
         4        26        26        34        84
         4        26        26        27        84
         4        26        27        75        84
         4        26        34        83        84
         4        26        74        83        84
         4        26        74        75        84
         4        16        26        27        85
         4        16        17        27        85
         4        17        27        76        85
         4        26        27        84        85
         4        27        75        84        85
         4        27        75        76        85
         4         4        16        17        47
         4         3         4        17        47
         4         3        17        46        47
         4        16        17        47        85
         4        17        47        76        85
         4        17        46        47        76
         4        28        29        35        86
         4        28        29        78        86
         4        28        77        78        86
         4        29        35        36        87
         4        29        30        36        87
         4        29        30        79        87
         4        29        35        86        87
         4        29        78        86        87
         4        29        78        79        87
         4        30        36        37        88
         4        30        31        37        88
         4        30        31        80        88
         4        30        36        87        88
         4        30        79        87        88
         4        30        79        80        88
         4        31        37        38        89
         4        31        32        38        89
         4        31        32        81        89
         4        31        37        88        89
         4        31        80        88        89
         4        31        80        81        89
         4        32        38        39        90
         4        32        33        39        90
         4        32        33        82        90
         4        32        38        89        90
         4        32        81        89        90
         4        32        81        82        90
         4        33        33        39        91
         4        33        33        34        91
         4        33        34        83        91
         4        33        39        90        91
         4        33        82        90        91
         4        33        82        83        91
         4        25        33        34        92
         4        25        26        34        92
         4        26        34        84        92
         4        33        34        91        92
         4        34        83        91        92
         4        34        83        84        92
         4        15        25        26        93
         4        15        16        26        93
         4        16        26        85        93
         4        25        26        92        93
         4        26        84        92        93
         4        26        84        85        93
         4         5        15        16        48
         4         4         5        16        48
         4         4        16        47        48
         4        15        16        48        93
         4        16        48        85        93
         4        16        47        48        85
         4        35        36        40        94
         4        35        36        87        94
         4        35        86        87        94
         4        36        40        41        95
         4        36        37        41        95
         4        36        37        88        95
         4        36        40        94        95
         4        36        87        94        95
         4        36        87        88        95
         4        37        41        42        96
         4        37        38        42        96
         4        37        38        89        96
         4        37        41        95        96
         4        37        88        95        96
         4        37        88        89        96
         4        38        38        42        97
         4        38        38        39        97
         4        38        39        90        97
         4        38        42        96        97
         4        38        89        96        97
         4        38        89        90        97
         4        32        38        39        98
         4        32        33        39        98
         4        33        39        91        98
         4        38        39        97        98
         4        39        90        97        98
         4        39        90        91        98
         4        24        32        33        99
         4        24        25        33        99
         4        25        33        92        99
         4        32        33        98        99
         4        33        91        98        99
         4        33        91        92        99
         4        14        24        25       100
         4        14        15        25       100
         4        15        25        93       100
         4        24        25        99       100
         4        25        92        99       100
         4        25        92        93       100
         4         6        14        15        49
         4         5         6        15        49
         4         5        15        48        49
         4        14        15        49       100
         4        15        49        93       100
         4        15        48        49        93
         4        40        41        43       101
         4        40        41        95       101
         4        40        94        95       101
         4        41        41        43       102
         4        41        41        42       102
         4        41        42        96       102
         4        41        43       101       102
         4        41        95       101       102
         4        41        95        96       102
         4        37        41        42       103
         4        37        38        42       103
         4        38        42        97       103
         4        41        42       102       103
         4        42        96       102       103
         4        42        96        97       103
         4        31        37        38       104
         4        31        32        38       104
         4        32        38        98       104
         4        37        38       103       104
         4        38        97       103       104
         4        38        97        98       104
         4        23        31        32       105
         4        23        24        32       105
         4        24        32        99       105
         4        31        32       104       105
         4        32        98       104       105
         4        32        98        99       105
         4        13        23        24       106
         4        13        14        24       106
         4        14        24       100       106
         4        23        24       105       106
         4        24        99       105       106
         4        24        99       100       106
         4         7        13        14        50
         4         6         7        14        50
         4         6        14        49        50
         4        13        14        50       106
         4        14        50       100       106
         4        14        49        50       100
         4        40        41        43       107
         4        41        43       102       107
         4        43       101       102       107
         4        36        40        41       108
         4        36        37        41       108
         4        37        41       103       108
         4        40        41       107       108
         4        41       102       107       108
         4        41       102       103       108
         4        30        36        37       109
         4        30        31        37       109
         4        31        37       104       109
         4        36        37       108       109
         4        37       103       108       109
         4        37       103       104       109
         4        22        30        31       110
         4        22        23        31       110
         4        23        31       105       110
         4        30        31       109       110
         4        31       104       109       110
         4        31       104       105       110
         4        12        22        23       111
         4        12        13        23       111
         4        13        23       106       111
         4        22        23       110       111
         4        23       105       110       111
         4        23       105       106       111
         4         6        12        13        51
         4         6         7        13        51
         4         7        13        50        51
         4        12        13        51       111
         4        13        51       106       111
         4        13        50        51       106
         4        35        36        40       112
         4        36        40       108       112
         4        40       107       108       112
         4        29        35        36       113
         4        29        30        36       113
         4        30        36       109       113
         4        35        36       112       113
         4        36       108       112       113
         4        36       108       109       113
         4        21        29        30       114
         4        21        22        30       114
         4        22        30       110       114
         4        29        30       113       114
         4        30       109       113       114
         4        30       109       110       114
         4        11        21        22       115
         4        11        12        22       115
         4        12        22       111       115
         4        21        22       114       115
         4        22       110       114       115
         4        22       110       111       115
         4         5        11        12        52
         4         5         6        12        52
         4         6        12        51        52
         4        11        12        52       115
         4        12        52       111       115
         4        12        51        52       111
         4        28        29        35       116
         4        29        35       113       116
         4        35       112       113       116
         4        20        28        29       117
         4        20        21        29       117
         4        21        29       114       117
         4        28        29       116       117
         4        29       113       116       117
         4        29       113       114       117
         4        10        20        21       118
         4        10        11        21       118
         4        11        21       115       118
         4        20        21       117       118
         4        21       114       117       118
         4        21       114       115       118
         4         4        10        11        53
         4         4         5        11        53
         4         5        11        52        53
         4        10        11        53       118
         4        11        53       115       118
         4        11        52        53       115
         4        19        20        28       119
         4        20        28       117       119
         4        28       116       117       119
         4         9        19        20       120
         4         9        10        20       120
         4        10        20       118       120
         4        19        20       119       120
         4        20       117       119       120
         4        20       117       118       120
         4         3         9        10        54
         4         3         4        10        54
         4         4        10        53        54
         4         9        10        54       120
         4        10        54       118       120
         4        10        53        54       118
         4         8         9        19       121
         4         9        19       120       121
         4        19       119       120       121
         4         2         8         9        55
         4         2         3         9        55
         4         3         9        54        55
         4         8         9        55       121
         4         9        55       120       121
         4         9        54        55       120
         4         1         2         8        44
         4         2         8        44        55
         4         8        44        55       121
         4        44        45        56       134
         4        44        45       123       134
         4        44       122       123       134
         4        45        56        57       135
         4        45        46        57       135
         4        45        46       124       135
         4        45        56       134       135
         4        45       123       134       135
         4        45       123       124       135
         4        46        57        58       136
         4        46        47        58       136
         4        46        47       125       136
         4        46        57       135       136
         4        46       124       135       136
         4        46       124       125       136
         4        47        58        59       137
         4        47        48        59       137
         4        47        48       126       137
         4        47        58       136       137
         4        47       125       136       137
         4        47       125       126       137
         4        48        59        60       138
         4        48        49        60       138
         4        48        49       127       138
         4        48        59       137       138
         4        48       126       137       138
         4        48       126       127       138
         4        49        60        61       139
         4        49        50        61       139
         4        49        50       128       139
         4        49        60       138       139
         4        49       127       138       139
         4        49       127       128       139
         4        50        61        62       140
         4        50        51        62       140
         4        50        51       129       140
         4        50        61       139       140
         4        50       128       139       140
         4        50       128       129       140
         4        51        62        63       141
         4        51        52        63       141
         4        51        52       130       141
         4        51        62       140       141
         4        51       129       140       141
         4        51       129       130       141
         4        52        63        64       142
         4        52        53        64       142
         4        52        53       131       142
         4        52        63       141       142
         4        52       130       141       142
         4        52       130       131       142
         4        53        64        65       143
         4        53        54        65       143
         4        53        54       132       143
         4        53        64       142       143
         4        53       131       142       143
         4        53       131       132       143
         4        54        65        66       144
         4        54        55        66       144
         4        54        55       133       144
         4        54        65       143       144
         4        54       132       143       144
         4        54       132       133       144
         4        45        55        66       123
         4        44        45        55       123
         4        44        55       122       123
         4        55        66       123       144
         4        55       123       133       144
         4        55       122       123       133
         4        56        57        67       145
         4        56        57       135       145
         4        56       134       135       145
         4        57        67        68       146
         4        57        58        68       146
         4        57        58       136       146
         4        57        67       145       146
         4        57       135       145       146
         4        57       135       136       146
         4        58        68        69       147
         4        58        59        69       147
         4        58        59       137       147
         4        58        68       146       147
         4        58       136       146       147
         4        58       136       137       147
         4        59        69        70       148
         4        59        60        70       148
         4        59        60       138       148
         4        59        69       147       148
         4        59       137       147       148
         4        59       137       138       148
         4        60        70        71       149
         4        60        61        71       149
         4        60        61       139       149
         4        60        70       148       149
         4        60       138       148       149
         4        60       138       139       149
         4        61        71        72       150
         4        61        62        72       150
         4        61        62       140       150
         4        61        71       149       150
         4        61       139       149       150
         4        61       139       140       150
         4        62        72        73       151
         4        62        63        73       151
         4        62        63       141       151
         4        62        72       150       151
         4        62       140       150       151
         4        62       140       141       151
         4        63        73        74       152
         4        63        64        74       152
         4        63        64       142       152
         4        63        73       151       152
         4        63       141       151       152
         4        63       141       142       152
         4        64        74        75       153
         4        64        65        75       153
         4        64        65       143       153
         4        64        74       152       153
         4        64       142       152       153
         4        64       142       143       153
         4        65        75        76       154
         4        65        66        76       154
         4        65        66       144       154
         4        65        75       153       154
         4        65       143       153       154
         4        65       143       144       154
         4        46        66        76       124
         4        45        46        66       124
         4        45        66       123       124
         4        66        76       124       154
         4        66       124       144       154
         4        66       123       124       144
         4        67        68        77       155
         4        67        68       146       155
         4        67       145       146       155
         4        68        77        78       156
         4        68        69        78       156
         4        68        69       147       156
         4        68        77       155       156
         4        68       146       155       156
         4        68       146       147       156
         4        69        78        79       157
         4        69        70        79       157
         4        69        70       148       157
         4        69        78       156       157
         4        69       147       156       157
         4        69       147       148       157
         4        70        79        80       158
         4        70        71        80       158
         4        70        71       149       158
         4        70        79       157       158
         4        70       148       157       158
         4        70       148       149       158
         4        71        80        81       159
         4        71        72        81       159
         4        71        72       150       159
         4        71        80       158       159
         4        71       149       158       159
         4        71       149       150       159
         4        72        81        82       160
         4        72        73        82       160
         4        72        73       151       160
         4        72        81       159       160
         4        72       150       159       160
         4        72       150       151       160
         4        73        82        83       161
         4        73        74        83       161
         4        73        74       152       161
         4        73        82       160       161
         4        73       151       160       161
         4        73       151       152       161
         4        74        83        84       162
         4        74        75        84       162
         4        74        75       153       162
         4        74        83       161       162
         4        74       152       161       162
         4        74       152       153       162
         4        75        84        85       163
         4        75        76        85       163
         4        75        76       154       163
         4        75        84       162       163
         4        75       153       162       163
         4        75       153       154       163
         4        47        76        85       125
         4        46        47        76       125
         4        46        76       124       125
         4        76        85       125       163
         4        76       125       154       163
         4        76       124       125       154
         4        77        78        86       164
         4        77        78       156       164
         4        77       155       156       164
         4        78        86        87       165
         4        78        79        87       165
         4        78        79       157       165
         4        78        86       164       165
         4        78       156       164       165
         4        78       156       157       165
         4        79        87        88       166
         4        79        80        88       166
         4        79        80       158       166
         4        79        87       165       166
         4        79       157       165       166
         4        79       157       158       166
         4        80        88        89       167
         4        80        81        89       167
         4        80        81       159       167
         4        80        88       166       167
         4        80       158       166       167
         4        80       158       159       167
         4        81        89        90       168
         4        81        82        90       168
         4        81        82       160       168
         4        81        89       167       168
         4        81       159       167       168
         4        81       159       160       168
         4        82        90        91       169
         4        82        83        91       169
         4        82        83       161       169
         4        82        90       168       169
         4        82       160       168       169
         4        82       160       161       169
         4        83        91        92       170
         4        83        84        92       170
         4        83        84       162       170
         4        83        91       169       170
         4        83       161       169       170
         4        83       161       162       170
         4        84        92        93       171
         4        84        85        93       171
         4        84        85       163       171
         4        84        92       170       171
         4        84       162       170       171
         4        84       162       163       171
         4        48        85        93       126
         4        47        48        85       126
         4        47        85       125       126
         4        85        93       126       171
         4        85       126       163       171
         4        85       125       126       163
         4        86        87        94       172
         4        86        87       165       172
         4        86       164       165       172
         4        87        94        95       173
         4        87        88        95       173
         4        87        88       166       173
         4        87        94       172       173
         4        87       165       172       173
         4        87       165       166       173
         4        88        95        96       174
         4        88        89        96       174
         4        88        89       167       174
         4        88        95       173       174
         4        88       166       173       174
         4        88       166       167       174
         4        89        96        97       175
         4        89        90        97       175
         4        89        90       168       175
         4        89        96       174       175
         4        89       167       174       175
         4        89       167       168       175
         4        90        97        98       176
         4        90        91        98       176
         4        90        91       169       176
         4        90        97       175       176
         4        90       168       175       176
         4        90       168       169       176
         4        91        98        99       177
         4        91        92        99       177
         4        91        92       170       177
         4        91        98       176       177
         4        91       169       176       177
         4        91       169       170       177
         4        92        99       100       178
         4        92        93       100       178
         4        92        93       171       178
         4        92        99       177       178
         4        92       170       177       178
         4        92       170       171       178
         4        49        93       100       127
         4        48        49        93       127
         4        48        93       126       127
         4        93       100       127       178
         4        93       127       171       178
         4        93       126       127       171
         4        94        95       101       179
         4        94        95       173       179
         4        94       172       173       179
         4        95       101       102       180
         4        95        96       102       180
         4        95        96       174       180
         4        95       101       179       180
         4        95       173       179       180
         4        95       173       174       180
         4        96       102       103       181
         4        96        97       103       181
         4        96        97       175       181
         4        96       102       180       181
         4        96       174       180       181
         4        96       174       175       181
         4        97       103       104       182
         4        97        98       104       182
         4        97        98       176       182
         4        97       103       181       182
         4        97       175       181       182
         4        97       175       176       182
         4        98       104       105       183
         4        98        99       105       183
         4        98        99       177       183
         4        98       104       182       183
         4        98       176       182       183
         4        98       176       177       183
         4        99       105       106       184
         4        99       100       106       184
         4        99       100       178       184
         4        99       105       183       184
         4        99       177       183       184
         4        99       177       178       184
         4        50       100       106       128
         4        49        50       100       128
         4        49       100       127       128
         4       100       106       128       184
         4       100       128       178       184
         4       100       127       128       178
         4       101       102       107       185
         4       101       102       180       185
         4       101       179       180       185
         4       102       107       108       186
         4       102       103       108       186
         4       102       103       181       186
         4       102       107       185       186
         4       102       180       185       186
         4       102       180       181       186
         4       103       108       109       187
         4       103       104       109       187
         4       103       104       182       187
         4       103       108       186       187
         4       103       181       186       187
         4       103       181       182       187
         4       104       109       110       188
         4       104       105       110       188
         4       104       105       183       188
         4       104       109       187       188
         4       104       182       187       188
         4       104       182       183       188
         4       105       110       111       189
         4       105       106       111       189
         4       105       106       184       189
         4       105       110       188       189
         4       105       183       188       189
         4       105       183       184       189
         4        51       106       111       129
         4        50        51       106       129
         4        50       106       128       129
         4       106       111       129       189
         4       106       129       184       189
         4       106       128       129       184
         4       107       108       112       190
         4       107       108       186       190
         4       107       185       186       190
         4       108       112       113       191
         4       108       109       113       191
         4       108       109       187       191
         4       108       112       190       191
         4       108       186       190       191
         4       108       186       187       191
         4       109       113       114       192
         4       109       110       114       192
         4       109       110       188       192
         4       109       113       191       192
         4       109       187       191       192
         4       109       187       188       192
         4       110       114       115       193
         4       110       111       115       193
         4       110       111       189       193
         4       110       114       192       193
         4       110       188       192       193
         4       110       188       189       193
         4        52       111       115       130
         4        51        52       111       130
         4        51       111       129       130
         4       111       115       130       193
         4       111       130       189       193
         4       111       129       130       189
         4       112       113       116       194
         4       112       113       191       194
         4       112       190       191       194
         4       113       116       117       195
         4       113       114       117       195
         4       113       114       192       195
         4       113       116       194       195
         4       113       191       194       195
         4       113       191       192       195
         4       114       117       118       196
         4       114       115       118       196
         4       114       115       193       196
         4       114       117       195       196
         4       114       192       195       196
         4       114       192       193       196
         4        53       115       118       131
         4        52        53       115       131
         4        52       115       130       131
         4       115       118       131       196
         4       115       131       193       196
         4       115       130       131       193
         4       116       117       119       197
         4       116       117       195       197
         4       116       194       195       197
         4       117       119       120       198
         4       117       118       120       198
         4       117       118       196       198
         4       117       119       197       198
         4       117       195       197       198
         4       117       195       196       198
         4        54       118       120       132
         4        53        54       118       132
         4        53       118       131       132
         4       118       120       132       198
         4       118       132       196       198
         4       118       131       132       196
         4       119       120       121       199
         4       119       120       198       199
         4       119       197       198       199
         4        55       120       121       133
         4        54        55       120       133
         4        54       120       132       133
         4       120       121       133       199
         4       120       133       198       199
         4       120       132       133       198
         4        44        55       121       122
         4        55       121       122       133
         4       121       122       133       199
         4       122       123       134       212
         4       122       123       201       212
         4       122       200       201       212
         4       123       134       135       213
         4       123       124       135       213
         4       123       124       202       213
         4       123       134       212       213
         4       123       201       212       213
         4       123       201       202       213
         4       124       135       136       214
         4       124       125       136       214
         4       124       125       203       214
         4       124       135       213       214
         4       124       202       213       214
         4       124       202       203       214
         4       125       136       137       215
         4       125       126       137       215
         4       125       126       204       215
         4       125       136       214       215
         4       125       203       214       215
         4       125       203       204       215
         4       126       137       138       216
         4       126       127       138       216
         4       126       127       205       216
         4       126       137       215       216
         4       126       204       215       216
         4       126       204       205       216
         4       127       138       139       217
         4       127       128       139       217
         4       127       128       206       217
         4       127       138       216       217
         4       127       205       216       217
         4       127       205       206       217
         4       128       139       140       218
         4       128       129       140       218
         4       128       129       207       218
         4       128       139       217       218
         4       128       206       217       218
         4       128       206       207       218
         4       129       140       141       219
         4       129       130       141       219
         4       129       130       208       219
         4       129       140       218       219
         4       129       207       218       219
         4       129       207       208       219
         4       130       141       142       220
         4       130       131       142       220
         4       130       131       209       220
         4       130       141       219       220
         4       130       208       219       220
         4       130       208       209       220
         4       131       142       143       221
         4       131       132       143       221
         4       131       132       210       221
         4       131       142       220       221
         4       131       209       220       221
         4       131       209       210       221
         4       132       143       144       222
         4       132       133       144       222
         4       132       133       211       222
         4       132       143       221       222
         4       132       210       221       222
         4       132       210       211       222
         4       123       133       144       201
         4       122       123       133       201
         4       122       133       200       201
         4       133       144       201       222
         4       133       201       211       222
         4       133       200       201       211
         4       134       135       145       223
         4       134       135       213       223
         4       134       212       213       223
         4       135       145       146       224
         4       135       136       146       224
         4       135       136       214       224
         4       135       145       223       224
         4       135       213       223       224
         4       135       213       214       224
         4       136       146       147       225
         4       136       137       147       225
         4       136       137       215       225
         4       136       146       224       225
         4       136       214       224       225
         4       136       214       215       225
         4       137       147       148       226
         4       137       138       148       226
         4       137       138       216       226
         4       137       147       225       226
         4       137       215       225       226
         4       137       215       216       226
         4       138       148       149       227
         4       138       139       149       227
         4       138       139       217       227
         4       138       148       226       227
         4       138       216       226       227
         4       138       216       217       227
         4       139       149       150       228
         4       139       140       150       228
         4       139       140       218       228
         4       139       149       227       228
         4       139       217       227       228
         4       139       217       218       228
         4       140       150       151       229
         4       140       141       151       229
         4       140       141       219       229
         4       140       150       228       229
         4       140       218       228       229
         4       140       218       219       229
         4       141       151       152       230
         4       141       142       152       230
         4       141       142       220       230
         4       141       151       229       230
         4       141       219       229       230
         4       141       219       220       230
         4       142       152       153       231
         4       142       143       153       231
         4       142       143       221       231
         4       142       152       230       231
         4       142       220       230       231
         4       142       220       221       231
         4       143       153       154       232
         4       143       144       154       232
         4       143       144       222       232
         4       143       153       231       232
         4       143       221       231       232
         4       143       221       222       232
         4       124       144       154       202
         4       123       124       144       202
         4       123       144       201       202
         4       144       154       202       232
         4       144       202       222       232
         4       144       201       202       222
         4       145       146       155       233
         4       145       146       224       233
         4       145       223       224       233
         4       146       155       156       234
         4       146       147       156       234
         4       146       147       225       234
         4       146       155       233       234
         4       146       224       233       234
         4       146       224       225       234
         4       147       156       157       235
         4       147       148       157       235
         4       147       148       226       235
         4       147       156       234       235
         4       147       225       234       235
         4       147       225       226       235
         4       148       157       158       236
         4       148       149       158       236
         4       148       149       227       236
         4       148       157       235       236
         4       148       226       235       236
         4       148       226       227       236
         4       149       158       159       237
         4       149       150       159       237
         4       149       150       228       237
         4       149       158       236       237
         4       149       227       236       237
         4       149       227       228       237
         4       150       159       160       238
         4       150       151       160       238
         4       150       151       229       238
         4       150       159       237       238
         4       150       228       237       238
         4       150       228       229       238
         4       151       160       161       239
         4       151       152       161       239
         4       151       152       230       239
         4       151       160       238       239
         4       151       229       238       239
         4       151       229       230       239
         4       152       161       162       240
         4       152       153       162       240
         4       152       153       231       240
         4       152       161       239       240
         4       152       230       239       240
         4       152       230       231       240
         4       153       162       163       241
         4       153       154       163       241
         4       153       154       232       241
         4       153       162       240       241
         4       153       231       240       241
         4       153       231       232       241
         4       125       154       163       203
         4       124       125       154       203
         4       124       154       202       203
         4       154       163       203       241
         4       154       203       232       241
         4       154       202       203       232
         4       155       156       164       242
         4       155       156       234       242
         4       155       233       234       242
         4       156       164       165       243
         4       156       157       165       243
         4       156       157       235       243
         4       156       164       242       243
         4       156       234       242       243
         4       156       234       235       243
         4       157       165       166       244
         4       157       158       166       244
         4       157       158       236       244
         4       157       165       243       244
         4       157       235       243       244
         4       157       235       236       244
         4       158       166       167       245
         4       158       159       167       245
         4       158       159       237       245
         4       158       166       244       245
         4       158       236       244       245
         4       158       236       237       245
         4       159       167       168       246
         4       159       160       168       246
         4       159       160       238       246
         4       159       167       245       246
         4       159       237       245       246
         4       159       237       238       246
         4       160       168       169       247
         4       160       161       169       247
         4       160       161       239       247
         4       160       168       246       247
         4       160       238       246       247
         4       160       238       239       247
         4       161       169       170       248
         4       161       162       170       248
         4       161       162       240       248
         4       161       169       247       248
         4       161       239       247       248
         4       161       239       240       248
         4       162       170       171       249
         4       162       163       171       249
         4       162       163       241       249
         4       162       170       248       249
         4       162       240       248       249
         4       162       240       241       249
         4       126       163       171       204
         4       125       126       163       204
         4       125       163       203       204
         4       163       171       204       249
         4       163       204       241       249
         4       163       203       204       241
         4       164       165       172       250
         4       164       165       243       250
         4       164       242       243       250
         4       165       172       173       251
         4       165       166       173       251
         4       165       166       244       251
         4       165       172       250       251
         4       165       243       250       251
         4       165       243       244       251
         4       166       173       174       252
         4       166       167       174       252
         4       166       167       245       252
         4       166       173       251       252
         4       166       244       251       252
         4       166       244       245       252
         4       167       174       175       253
         4       167       168       175       253
         4       167       168       246       253
         4       167       174       252       253
         4       167       245       252       253
         4       167       245       246       253
         4       168       175       176       254
         4       168       169       176       254
         4       168       169       247       254
         4       168       175       253       254
         4       168       246       253       254
         4       168       246       247       254
         4       169       176       177       255
         4       169       170       177       255
         4       169       170       248       255
         4       169       176       254       255
         4       169       247       254       255
         4       169       247       248       255
         4       170       177       178       256
         4       170       171       178       256
         4       170       171       249       256
         4       170       177       255       256
         4       170       248       255       256
         4       170       248       249       256
         4       127       171       178       205
         4       126       127       171       205
         4       126       171       204       205
         4       171       178       205       256
         4       171       205       249       256
         4       171       204       205       249
         4       172       173       179       257
         4       172       173       251       257
         4       172       250       251       257
         4       173       179       180       258
         4       173       174       180       258
         4       173       174       252       258
         4       173       179       257       258
         4       173       251       257       258
         4       173       251       252       258
         4       174       180       181       259
         4       174       175       181       259
         4       174       175       253       259
         4       174       180       258       259
         4       174       252       258       259
         4       174       252       253       259
         4       175       181       182       260
         4       175       176       182       260
         4       175       176       254       260
         4       175       181       259       260
         4       175       253       259       260
         4       175       253       254       260
         4       176       182       183       261
         4       176       177       183       261
         4       176       177       255       261
         4       176       182       260       261
         4       176       254       260       261
         4       176       254       255       261
         4       177       183       184       262
         4       177       178       184       262
         4       177       178       256       262
         4       177       183       261       262
         4       177       255       261       262
         4       177       255       256       262
         4       128       178       184       206
         4       127       128       178       206
         4       127       178       205       206
         4       178       184       206       262
         4       178       206       256       262
         4       178       205       206       256
         4       179       180       185       263
         4       179       180       258       263
         4       179       257       258       263
         4       180       185       186       264
         4       180       181       186       264
         4       180       181       259       264
         4       180       185       263       264
         4       180       258       263       264
         4       180       258       259       264
         4       181       186       187       265
         4       181       182       187       265
         4       181       182       260       265
         4       181       186       264       265
         4       181       259       264       265
         4       181       259       260       265
         4       182       187       188       266
         4       182       183       188       266
         4       182       183       261       266
         4       182       187       265       266
         4       182       260       265       266
         4       182       260       261       266
         4       183       188       189       267
         4       183       184       189       267
         4       183       184       262       267
         4       183       188       266       267
         4       183       261       266       267
         4       183       261       262       267
         4       129       184       189       207
         4       128       129       184       207
         4       128       184       206       207
         4       184       189       207       267
         4       184       207       262       267
         4       184       206       207       262
         4       185       186       190       268
         4       185       186       264       268
         4       185       263       264       268
         4       186       190       191       269
         4       186       187       191       269
         4       186       187       265       269
         4       186       190       268       269
         4       186       264       268       269
         4       186       264       265       269
         4       187       191       192       270
         4       187       188       192       270
         4       187       188       266       270
         4       187       191       269       270
         4       187       265       269       270
         4       187       265       266       270
         4       188       192       193       271
         4       188       189       193       271
         4       188       189       267       271
         4       188       192       270       271
         4       188       266       270       271
         4       188       266       267       271
         4       130       189       193       208
         4       129       130       189       208
         4       129       189       207       208
         4       189       193       208       271
         4       189       208       267       271
         4       189       207       208       267
         4       190       191       194       272
         4       190       191       269       272
         4       190       268       269       272
         4       191       194       195       273
         4       191       192       195       273
         4       191       192       270       273
         4       191       194       272       273
         4       191       269       272       273
         4       191       269       270       273
         4       192       195       196       274
         4       192       193       196       274
         4       192       193       271       274
         4       192       195       273       274
         4       192       270       273       274
         4       192       270       271       274
         4       131       193       196       209
         4       130       131       193       209
         4       130       193       208       209
         4       193       196       209       274
         4       193       209       271       274
         4       193       208       209       271
         4       194       195       197       275
         4       194       195       273       275
         4       194       272       273       275
         4       195       197       198       276
         4       195       196       198       276
         4       195       196       274       276
         4       195       197       275       276
         4       195       273       275       276
         4       195       273       274       276
         4       132       196       198       210
         4       131       132       196       210
         4       131       196       209       210
         4       196       198       210       276
         4       196       210       274       276
         4       196       209       210       274
         4       197       198       199       277
         4       197       198       276       277
         4       197       275       276       277
         4       133       198       199       211
         4       132       133       198       211
         4       132       198       210       211
         4       198       199       211       277
         4       198       211       276       277
         4       198       210       211       276
         4       122       133       199       200
         4       133       199       200       211
         4       199       200       211       277
         4       200       201       212       277
         4       200       201       211       277
         4       200       200       211       277
         4       201       212       213       276
         4       201       202       213       276
         4       201       202       210       276
         4       201       212       276       277
         4       201       211       276       277
         4       201       210       211       276
         4       202       213       214       274
         4       202       203       214       274
         4       202       203       209       274
         4       202       213       274       276
         4       202       210       274       276
         4       202       209       210       274
         4       203       214       215       271
         4       203       204       215       271
         4       203       204       208       271
         4       203       214       271       274
         4       203       209       271       274
         4       203       208       209       271
         4       204       215       216       267
         4       204       205       216       267
         4       204       205       207       267
         4       204       215       267       271
         4       204       208       267       271
         4       204       207       208       267
         4       205       216       217       262
         4       205       206       217       262
         4       205       206       206       262
         4       205       216       262       267
         4       205       207       262       267
         4       205       206       207       262
         4       206       217       218       256
         4       206       207       218       256
         4       205       206       207       256
         4       206       217       256       262
         4       206       206       256       262
         4       205       206       206       256
         4       207       218       219       249
         4       207       208       219       249
         4       204       207       208       249
         4       207       218       249       256
         4       205       207       249       256
         4       204       205       207       249
         4       208       219       220       241
         4       208       209       220       241
         4       203       208       209       241
         4       208       219       241       249
         4       204       208       241       249
         4       203       204       208       241
         4       209       220       221       232
         4       209       210       221       232
         4       202       209       210       232
         4       209       220       232       241
         4       203       209       232       241
         4       202       203       209       232
         4       210       221       222       222
         4       210       211       222       222
         4       201       210       211       222
         4       210       221       222       232
         4       202       210       222       232
         4       201       202       210       222
         4       201       211       211       222
         4       200       201       211       211
         2       200       200       211       211
         2       211       211       222       222
         4       212       213       223       275
         4       212       213       275       276
         4       212       275       276       277
         4       213       223       224       273
         4       213       214       224       273
         4       213       214       273       274
         4       213       223       273       275
         4       213       273       275       276
         4       213       273       274       276
         4       214       224       225       270
         4       214       215       225       270
         4       214       215       270       271
         4       214       224       270       273
         4       214       270       273       274
         4       214       270       271       274
         4       215       225       226       266
         4       215       216       226       266
         4       215       216       266       267
         4       215       225       266       270
         4       215       266       270       271
         4       215       266       267       271
         4       216       226       227       261
         4       216       217       227       261
         4       216       217       261       262
         4       216       226       261       266
         4       216       261       266       267
         4       216       261       262       267
         4       217       227       228       255
         4       217       218       228       255
         4       217       218       255       256
         4       217       227       255       261
         4       217       255       261       262
         4       217       255       256       262
         4       218       228       229       248
         4       218       219       229       248
         4       218       219       248       249
         4       218       228       248       255
         4       218       248       255       256
         4       218       248       249       256
         4       219       229       230       240
         4       219       220       230       240
         4       219       220       240       241
         4       219       229       240       248
         4       219       240       248       249
         4       219       240       241       249
         4       220       230       231       231
         4       220       221       231       231
         4       220       221       231       232
         4       220       230       231       240
         4       220       231       240       241
         4       220       231       232       241
         4       221       221       231       232
         4       221       221       222       232
         2       221       221       222       222
         2       221       221       231       231
         4       223       224       233       272
         4       223       224       272       273
         4       223       272       273       275
         4       224       233       234       269
         4       224       225       234       269
         4       224       225       269       270
         4       224       233       269       272
         4       224       269       272       273
         4       224       269       270       273
         4       225       234       235       265
         4       225       226       235       265
         4       225       226       265       266
         4       225       234       265       269
         4       225       265       269       270
         4       225       265       266       270
         4       226       235       236       260
         4       226       227       236       260
         4       226       227       260       261
         4       226       235       260       265
         4       226       260       265       266
         4       226       260       261       266
         4       227       236       237       254
         4       227       228       237       254
         4       227       228       254       255
         4       227       236       254       260
         4       227       254       260       261
         4       227       254       255       261
         4       228       237       238       247
         4       228       229       238       247
         4       228       229       247       248
         4       228       237       247       254
         4       228       247       254       255
         4       228       247       248       255
         4       229       238       239       239
         4       229       230       239       239
         4       229       230       239       240
         4       229       238       239       247
         4       229       239       247       248
         4       229       239       240       248
         4       230       230       239       240
         4       230       230       231       240
         2       230       230       231       231
         2       230       230       239       239
         4       233       234       242       268
         4       233       234       268       269
         4       233       268       269       272
         4       234       242       243       264
         4       234       235       243       264
         4       234       235       264       265
         4       234       242       264       268
         4       234       264       268       269
         4       234       264       265       269
         4       235       243       244       259
         4       235       236       244       259
         4       235       236       259       260
         4       235       243       259       264
         4       235       259       264       265
         4       235       259       260       265
         4       236       244       245       253
         4       236       237       245       253
         4       236       237       253       254
         4       236       244       253       259
         4       236       253       259       260
         4       236       253       254       260
         4       237       245       246       246
         4       237       238       246       246
         4       237       238       246       247
         4       237       245       246       253
         4       237       246       253       254
         4       237       246       247       254
         4       238       238       246       247
         4       238       238       239       247
         2       238       238       239       239
         2       238       238       246       246
         4       242       243       250       263
         4       242       243       263       264
         4       242       263       264       268
         4       243       250       251       258
         4       243       244       251       258
         4       243       244       258       259
         4       243       250       258       263
         4       243       258       263       264
         4       243       258       259       264
         4       244       251       252       252
         4       244       245       252       252
         4       244       245       252       253
         4       244       251       252       258
         4       244       252       258       259
         4       244       252       253       259
         4       245       245       252       253
         4       245       245       246       253
         2       245       245       246       246
         2       245       245       252       252
         4       250       251       257       257
         4       250       251       257       258
         4       250       257       258       263
         4       251       251       257       258
         4       251       251       252       258
         2       251       251       252       252
         2       251       251       257       257
