Automatically generated mesh
      80
Reciprocal lattice
    0.00000000000000    0.00000000000000    0.00000000000000             1
    0.09090909090909    0.00000000000000    0.00000000000000             6
    0.18181818181818    0.00000000000000    0.00000000000000             6
    0.27272727272727    0.00000000000000    0.00000000000000             6
    0.36363636363637    0.00000000000000    0.00000000000000             6
    0.45454545454545    0.00000000000000    0.00000000000000             6
    0.09090909090909    0.09090909090909    0.00000000000000             6
    0.18181818181818    0.09090909090909    0.00000000000000            12
    0.27272727272727    0.09090909090909    0.00000000000000            12
    0.36363636363637    0.09090909090909    0.00000000000000            12
    0.45454545454545    0.09090909090909    0.00000000000000             6
    0.18181818181818    0.18181818181818    0.00000000000000             6
    0.27272727272727    0.18181818181818    0.00000000000000            12
    0.36363636363637    0.18181818181818    0.00000000000000            12
    0.27272727272727    0.27272727272727    0.00000000000000             6
    0.36363636363637    0.27272727272727    0.00000000000000             6
    0.00000000000000    0.00000000000000    0.11111111111111             2
    0.09090909090909    0.00000000000000    0.11111111111111            12
    0.18181818181818    0.00000000000000    0.11111111111111            12
    0.27272727272727    0.00000000000000    0.11111111111111            12
    0.36363636363637    0.00000000000000    0.11111111111111            12
    0.45454545454545    0.00000000000000    0.11111111111111            12
    0.09090909090909    0.09090909090909    0.11111111111111            12
    0.18181818181818    0.09090909090909    0.11111111111111            24
    0.27272727272727    0.09090909090909    0.11111111111111            24
    0.36363636363637    0.09090909090909    0.11111111111111            24
    0.45454545454545    0.09090909090909    0.11111111111111            12
    0.18181818181818    0.18181818181818    0.11111111111111            12
    0.27272727272727    0.18181818181818    0.11111111111111            24
    0.36363636363637    0.18181818181818    0.11111111111111            24
    0.27272727272727    0.27272727272727    0.11111111111111            12
    0.36363636363637    0.27272727272727    0.11111111111111            12
    0.00000000000000    0.00000000000000    0.22222222222222             2
    0.09090909090909    0.00000000000000    0.22222222222222            12
    0.18181818181818    0.00000000000000    0.22222222222222            12
    0.27272727272727    0.00000000000000    0.22222222222222            12
    0.36363636363637    0.00000000000000    0.22222222222222            12
    0.45454545454545    0.00000000000000    0.22222222222222            12
    0.09090909090909    0.09090909090909    0.22222222222222            12
    0.18181818181818    0.09090909090909    0.22222222222222            24
    0.27272727272727    0.09090909090909    0.22222222222222            24
    0.36363636363637    0.09090909090909    0.22222222222222            24
    0.45454545454545    0.09090909090909    0.22222222222222            12
    0.18181818181818    0.18181818181818    0.22222222222222            12
    0.27272727272727    0.18181818181818    0.22222222222222            24
    0.36363636363637    0.18181818181818    0.22222222222222            24
    0.27272727272727    0.27272727272727    0.22222222222222            12
    0.36363636363637    0.27272727272727    0.22222222222222            12
    0.00000000000000    0.00000000000000    0.33333333333333             2
    0.09090909090909    0.00000000000000    0.33333333333333            12
    0.18181818181818    0.00000000000000    0.33333333333333            12
    0.27272727272727    0.00000000000000    0.33333333333333            12
    0.36363636363637    0.00000000000000    0.33333333333333            12
    0.45454545454545    0.00000000000000    0.33333333333333            12
    0.09090909090909    0.09090909090909    0.33333333333333            12
    0.18181818181818    0.09090909090909    0.33333333333333            24
    0.27272727272727    0.09090909090909    0.33333333333333            24
    0.36363636363637    0.09090909090909    0.33333333333333            24
    0.45454545454545    0.09090909090909    0.33333333333333            12
    0.18181818181818    0.18181818181818    0.33333333333333            12
    0.27272727272727    0.18181818181818    0.33333333333333            24
    0.36363636363637    0.18181818181818    0.33333333333333            24
    0.27272727272727    0.27272727272727    0.33333333333333            12
    0.36363636363637    0.27272727272727    0.33333333333333            12
    0.00000000000000    0.00000000000000    0.44444444444444             2
    0.09090909090909    0.00000000000000    0.44444444444444            12
    0.18181818181818    0.00000000000000    0.44444444444444            12
    0.27272727272727    0.00000000000000    0.44444444444444            12
    0.36363636363637    0.00000000000000    0.44444444444444            12
    0.45454545454545    0.00000000000000    0.44444444444444            12
    0.09090909090909    0.09090909090909    0.44444444444444            12
    0.18181818181818    0.09090909090909    0.44444444444444            24
    0.27272727272727    0.09090909090909    0.44444444444444            24
    0.36363636363637    0.09090909090909    0.44444444444444            24
    0.45454545454545    0.09090909090909    0.44444444444444            12
    0.18181818181818    0.18181818181818    0.44444444444444            12
    0.27272727272727    0.18181818181818    0.44444444444444            24
    0.36363636363637    0.18181818181818    0.44444444444444            24
    0.27272727272727    0.27272727272727    0.44444444444444            12
    0.36363636363637    0.27272727272727    0.44444444444444            12
Tetrahedra
      1078    0.00015304560759
         8         1         2         2        18
         8         2         2         7        18
         4         2         7        18        23
         4         1         2        17        18
         8         2        17        18        18
         8         2        18        18        23
         8         2         3         7        19
         8         3         7         8        19
         4         7         8        19        24
         4         2         7        18        19
         8         7        18        19        23
         8         7        19        23        24
         8         3         4         8        20
         8         4         8         9        20
         4         8         9        20        25
         4         3         8        19        20
         8         8        19        20        24
         8         8        20        24        25
         8         4         5         9        21
         8         5         9        10        21
         4         9        10        21        26
         4         4         9        20        21
         8         9        20        21        25
         8         9        21        25        26
         8         5         6        10        22
         8         6        10        11        22
         4        10        11        22        27
         4         5        10        21        22
         8        10        21        22        26
         8        10        22        26        27
         8         6         6        11        22
         4        10        11        22        26
         4         6        11        22        22
         4        11        22        22        27
         8        11        22        26        27
         8         5         6        10        21
         4         9        10        21        25
         4         6        10        21        22
         8        10        21        25        26
         8         4         5         9        20
         4         8         9        20        24
         4         5         9        20        21
         8         9        20        24        25
         8         3         4         8        19
         4         7         8        19        23
         4         4         8        19        20
         8         8        19        23        24
         8         2         3         7        18
         4         2         7        18        18
         4         3         7        18        19
         4         7        18        18        23
         4         1         2         2        17
         4         2         2        17        18
         8         2         3         7        23
         8         3         7         8        23
         4         3         8        23        24
         4         2         3        18        23
         8         3        18        19        23
         8         3        19        23        24
         8         7         8         8        24
         8         8         8        12        24
         4         8        12        24        28
         4         7         8        23        24
         8         8        23        24        24
         8         8        24        24        28
         8         8         9        12        25
         8         9        12        13        25
         4        12        13        25        29
         4         8        12        24        25
         8        12        24        25        28
         8        12        25        28        29
         8         9        10        13        26
         8        10        13        14        26
         4        13        14        26        30
         4         9        13        25        26
         8        13        25        26        29
         8        13        26        29        30
         8        10        11        14        27
         4        11        14        14        27
         4        14        14        27        30
         4        10        14        26        27
         8        14        26        27        30
         8        14        27        30        30
         8        10        11        14        26
         4        13        14        26        29
         4        11        14        26        27
         8        14        26        29        30
         8         9        10        13        25
         4        12        13        25        28
         4        10        13        25        26
         8        13        25        28        29
         8         8         9        12        24
         4         8        12        24        24
         4         9        12        24        25
         4        12        24        24        28
         4         7         8         8        23
         4         3         8        19        23
         4         8         8        23        24
         4         3         7        18        23
         8         3         4         8        24
         8         4         8         9        24
         4         4         9        24        25
         4         3         4        19        24
         8         4        19        20        24
         8         4        20        24        25
         8         8         9        12        28
         8         9        12        13        28
         4         9        13        28        29
         4         8         9        24        28
         8         9        24        25        28
         8         9        25        28        29
         8        12        13        13        29
         8        13        13        15        29
         4        13        15        29        31
         4        12        13        28        29
         8        13        28        29        29
         8        13        29        29        31
         8        13        14        15        30
         8        14        15        16        30
         4        15        16        30        32
         4        13        15        29        30
         8        15        29        30        31
         8        15        30        31        32
         8        14        14        16        30
         4        15        16        30        31
         4        14        16        30        30
         4        16        30        30        32
         8        16        30        31        32
         8        13        14        15        29
         4        13        15        29        29
         4        14        15        29        30
         4        15        29        29        31
         4        12        13        13        28
         4         9        13        25        28
         4        13        13        28        29
         4         4         9        20        24
         4         9        12        24        28
         4         4         8        19        24
         8         4         5         9        25
         8         5         9        10        25
         4         5        10        25        26
         4         4         5        20        25
         8         5        20        21        25
         8         5        21        25        26
         8         9        10        13        29
         8        10        13        14        29
         4        10        14        29        30
         4         9        10        25        29
         8        10        25        26        29
         8        10        26        29        30
         8        13        14        15        31
         8        14        15        16        31
         4        14        16        31        32
         4        13        14        29        31
         8        14        29        30        31
         8        14        30        31        32
         8        15        16        16        32
         4        16        16        16        32
         4        16        16        32        32
         4        15        16        31        32
         8        16        31        32        32
         4        16        32        32        32
         4        15        16        16        31
         4        14        16        30        31
         4        16        16        31        32
         4        10        14        26        29
         4        14        15        29        31
         4         5        10        21        25
         4        10        13        25        29
         4         5         9        20        25
         8         5         6        10        26
         8         6        10        11        26
         4         6        11        26        27
         4         5         6        21        26
         8         6        21        22        26
         8         6        22        26        27
         8        10        11        14        30
         8        11        14        14        30
         4        11        14        30        30
         4        10        11        26        30
         8        11        26        27        30
         4        11        27        30        30
         4        14        14        16        32
         8        14        15        16        32
         4        14        15        31        32
         4        14        14        30        32
         8        14        30        30        32
         4        14        15        30        32
         4        15        16        32        32
         4        15        31        32        32
         4        11        14        27        30
         4        14        16        30        32
         4         6        11        22        26
         4        11        14        26        30
         4         6        10        21        26
         4         6         6        11        27
         8         6        10        11        27
         4         6        10        26        27
         4         6         6        22        27
         8         6        22        22        27
         8        10        13        14        30
         4        10        13        29        30
         4        10        11        27        30
         8        10        26        27        30
         4        13        13        15        31
         4        13        13        29        31
         4        13        14        30        31
         8        13        29        30        31
         4        10        13        26        30
         4        13        15        30        31
         4         6        10        22        27
         4        10        14        27        30
         4         6        11        22        27
         8         5         9        10        26
         4         5         9        25        26
         4         5         6        22        26
         8         5        21        22        26
         8         9        12        13        29
         4         9        12        28        29
         4         9        10        26        29
         8         9        25        26        29
         4         9        12        25        29
         4        12        13        29        29
         4        12        28        29        29
         4         5         9        21        26
         4         9        13        26        29
         4         5        10        22        26
         8         4         8         9        25
         4         4         8        24        25
         4         4         5        21        25
         8         4        20        21        25
         4         8         8        12        28
         4         8         8        24        28
         4         8         9        25        28
         8         8        24        25        28
         4         4         8        20        25
         4         8        12        25        28
         4         4         9        21        25
         8         3         7         8        24
         4         3         7        23        24
         4         3         4        20        24
         8         3        19        20        24
         4         3         7        19        24
         4         7         8        24        24
         4         7        23        24        24
         4         3         8        20        24
         4         2         2         7        23
         4         2         2        18        23
         4         2         3        19        23
         8         2        18        19        23
         4         2         7        19        23
         4         1         2        18        18
         4         1        17        18        18
         8        17        18        18        34
         8        18        18        23        34
         4        18        23        34        39
         4        17        18        33        34
         8        18        33        34        34
         8        18        34        34        39
         8        18        19        23        35
         8        19        23        24        35
         4        23        24        35        40
         4        18        23        34        35
         8        23        34        35        39
         8        23        35        39        40
         8        19        20        24        36
         8        20        24        25        36
         4        24        25        36        41
         4        19        24        35        36
         8        24        35        36        40
         8        24        36        40        41
         8        20        21        25        37
         8        21        25        26        37
         4        25        26        37        42
         4        20        25        36        37
         8        25        36        37        41
         8        25        37        41        42
         8        21        22        26        38
         8        22        26        27        38
         4        26        27        38        43
         4        21        26        37        38
         8        26        37        38        42
         8        26        38        42        43
         8        22        22        27        38
         4        26        27        38        42
         4        22        27        38        38
         4        27        38        38        43
         8        27        38        42        43
         8        21        22        26        37
         4        25        26        37        41
         4        22        26        37        38
         8        26        37        41        42
         8        20        21        25        36
         4        24        25        36        40
         4        21        25        36        37
         8        25        36        40        41
         8        19        20        24        35
         4        23        24        35        39
         4        20        24        35        36
         8        24        35        39        40
         8        18        19        23        34
         4        18        23        34        34
         4        19        23        34        35
         4        23        34        34        39
         4        17        18        18        33
         4        18        18        33        34
         8        18        19        23        39
         8        19        23        24        39
         4        19        24        39        40
         4        18        19        34        39
         8        19        34        35        39
         8        19        35        39        40
         8        23        24        24        40
         8        24        24        28        40
         4        24        28        40        44
         4        23        24        39        40
         8        24        39        40        40
         8        24        40        40        44
         8        24        25        28        41
         8        25        28        29        41
         4        28        29        41        45
         4        24        28        40        41
         8        28        40        41        44
         8        28        41        44        45
         8        25        26        29        42
         8        26        29        30        42
         4        29        30        42        46
         4        25        29        41        42
         8        29        41        42        45
         8        29        42        45        46
         8        26        27        30        43
         4        27        30        30        43
         4        30        30        43        46
         4        26        30        42        43
         8        30        42        43        46
         8        30        43        46        46
         8        26        27        30        42
         4        29        30        42        45
         4        27        30        42        43
         8        30        42        45        46
         8        25        26        29        41
         4        28        29        41        44
         4        26        29        41        42
         8        29        41        44        45
         8        24        25        28        40
         4        24        28        40        40
         4        25        28        40        41
         4        28        40        40        44
         4        23        24        24        39
         4        19        24        35        39
         4        24        24        39        40
         4        19        23        34        39
         8        19        20        24        40
         8        20        24        25        40
         4        20        25        40        41
         4        19        20        35        40
         8        20        35        36        40
         8        20        36        40        41
         8        24        25        28        44
         8        25        28        29        44
         4        25        29        44        45
         4        24        25        40        44
         8        25        40        41        44
         8        25        41        44        45
         8        28        29        29        45
         8        29        29        31        45
         4        29        31        45        47
         4        28        29        44        45
         8        29        44        45        45
         8        29        45        45        47
         8        29        30        31        46
         8        30        31        32        46
         4        31        32        46        48
         4        29        31        45        46
         8        31        45        46        47
         8        31        46        47        48
         8        30        30        32        46
         4        31        32        46        47
         4        30        32        46        46
         4        32        46        46        48
         8        32        46        47        48
         8        29        30        31        45
         4        29        31        45        45
         4        30        31        45        46
         4        31        45        45        47
         4        28        29        29        44
         4        25        29        41        44
         4        29        29        44        45
         4        20        25        36        40
         4        25        28        40        44
         4        20        24        35        40
         8        20        21        25        41
         8        21        25        26        41
         4        21        26        41        42
         4        20        21        36        41
         8        21        36        37        41
         8        21        37        41        42
         8        25        26        29        45
         8        26        29        30        45
         4        26        30        45        46
         4        25        26        41        45
         8        26        41        42        45
         8        26        42        45        46
         8        29        30        31        47
         8        30        31        32        47
         4        30        32        47        48
         4        29        30        45        47
         8        30        45        46        47
         8        30        46        47        48
         8        31        32        32        48
         4        32        32        32        48
         4        32        32        48        48
         4        31        32        47        48
         8        32        47        48        48
         4        32        48        48        48
         4        31        32        32        47
         4        30        32        46        47
         4        32        32        47        48
         4        26        30        42        45
         4        30        31        45        47
         4        21        26        37        41
         4        26        29        41        45
         4        21        25        36        41
         8        21        22        26        42
         8        22        26        27        42
         4        22        27        42        43
         4        21        22        37        42
         8        22        37        38        42
         8        22        38        42        43
         8        26        27        30        46
         8        27        30        30        46
         4        27        30        46        46
         4        26        27        42        46
         8        27        42        43        46
         4        27        43        46        46
         4        30        30        32        48
         8        30        31        32        48
         4        30        31        47        48
         4        30        30        46        48
         8        30        46        46        48
         4        30        31        46        48
         4        31        32        48        48
         4        31        47        48        48
         4        27        30        43        46
         4        30        32        46        48
         4        22        27        38        42
         4        27        30        42        46
         4        22        26        37        42
         4        22        22        27        43
         8        22        26        27        43
         4        22        26        42        43
         4        22        22        38        43
         8        22        38        38        43
         8        26        29        30        46
         4        26        29        45        46
         4        26        27        43        46
         8        26        42        43        46
         4        29        29        31        47
         4        29        29        45        47
         4        29        30        46        47
         8        29        45        46        47
         4        26        29        42        46
         4        29        31        46        47
         4        22        26        38        43
         4        26        30        43        46
         4        22        27        38        43
         8        21        25        26        42
         4        21        25        41        42
         4        21        22        38        42
         8        21        37        38        42
         8        25        28        29        45
         4        25        28        44        45
         4        25        26        42        45
         8        25        41        42        45
         4        25        28        41        45
         4        28        29        45        45
         4        28        44        45        45
         4        21        25        37        42
         4        25        29        42        45
         4        21        26        38        42
         8        20        24        25        41
         4        20        24        40        41
         4        20        21        37        41
         8        20        36        37        41
         4        24        24        28        44
         4        24        24        40        44
         4        24        25        41        44
         8        24        40        41        44
         4        20        24        36        41
         4        24        28        41        44
         4        20        25        37        41
         8        19        23        24        40
         4        19        23        39        40
         4        19        20        36        40
         8        19        35        36        40
         4        19        23        35        40
         4        23        24        40        40
         4        23        39        40        40
         4        19        24        36        40
         4        18        18        23        39
         4        18        18        34        39
         4        18        19        35        39
         8        18        34        35        39
         4        18        23        35        39
         4        17        18        34        34
         4        17        33        34        34
         8        33        34        34        50
         8        34        34        39        50
         4        34        39        50        55
         4        33        34        49        50
         8        34        49        50        50
         8        34        50        50        55
         8        34        35        39        51
         8        35        39        40        51
         4        39        40        51        56
         4        34        39        50        51
         8        39        50        51        55
         8        39        51        55        56
         8        35        36        40        52
         8        36        40        41        52
         4        40        41        52        57
         4        35        40        51        52
         8        40        51        52        56
         8        40        52        56        57
         8        36        37        41        53
         8        37        41        42        53
         4        41        42        53        58
         4        36        41        52        53
         8        41        52        53        57
         8        41        53        57        58
         8        37        38        42        54
         8        38        42        43        54
         4        42        43        54        59
         4        37        42        53        54
         8        42        53        54        58
         8        42        54        58        59
         8        38        38        43        54
         4        42        43        54        58
         4        38        43        54        54
         4        43        54        54        59
         8        43        54        58        59
         8        37        38        42        53
         4        41        42        53        57
         4        38        42        53        54
         8        42        53        57        58
         8        36        37        41        52
         4        40        41        52        56
         4        37        41        52        53
         8        41        52        56        57
         8        35        36        40        51
         4        39        40        51        55
         4        36        40        51        52
         8        40        51        55        56
         8        34        35        39        50
         4        34        39        50        50
         4        35        39        50        51
         4        39        50        50        55
         4        33        34        34        49
         4        34        34        49        50
         8        34        35        39        55
         8        35        39        40        55
         4        35        40        55        56
         4        34        35        50        55
         8        35        50        51        55
         8        35        51        55        56
         8        39        40        40        56
         8        40        40        44        56
         4        40        44        56        60
         4        39        40        55        56
         8        40        55        56        56
         8        40        56        56        60
         8        40        41        44        57
         8        41        44        45        57
         4        44        45        57        61
         4        40        44        56        57
         8        44        56        57        60
         8        44        57        60        61
         8        41        42        45        58
         8        42        45        46        58
         4        45        46        58        62
         4        41        45        57        58
         8        45        57        58        61
         8        45        58        61        62
         8        42        43        46        59
         4        43        46        46        59
         4        46        46        59        62
         4        42        46        58        59
         8        46        58        59        62
         8        46        59        62        62
         8        42        43        46        58
         4        45        46        58        61
         4        43        46        58        59
         8        46        58        61        62
         8        41        42        45        57
         4        44        45        57        60
         4        42        45        57        58
         8        45        57        60        61
         8        40        41        44        56
         4        40        44        56        56
         4        41        44        56        57
         4        44        56        56        60
         4        39        40        40        55
         4        35        40        51        55
         4        40        40        55        56
         4        35        39        50        55
         8        35        36        40        56
         8        36        40        41        56
         4        36        41        56        57
         4        35        36        51        56
         8        36        51        52        56
         8        36        52        56        57
         8        40        41        44        60
         8        41        44        45        60
         4        41        45        60        61
         4        40        41        56        60
         8        41        56        57        60
         8        41        57        60        61
         8        44        45        45        61
         8        45        45        47        61
         4        45        47        61        63
         4        44        45        60        61
         8        45        60        61        61
         8        45        61        61        63
         8        45        46        47        62
         8        46        47        48        62
         4        47        48        62        64
         4        45        47        61        62
         8        47        61        62        63
         8        47        62        63        64
         8        46        46        48        62
         4        47        48        62        63
         4        46        48        62        62
         4        48        62        62        64
         8        48        62        63        64
         8        45        46        47        61
         4        45        47        61        61
         4        46        47        61        62
         4        47        61        61        63
         4        44        45        45        60
         4        41        45        57        60
         4        45        45        60        61
         4        36        41        52        56
         4        41        44        56        60
         4        36        40        51        56
         8        36        37        41        57
         8        37        41        42        57
         4        37        42        57        58
         4        36        37        52        57
         8        37        52        53        57
         8        37        53        57        58
         8        41        42        45        61
         8        42        45        46        61
         4        42        46        61        62
         4        41        42        57        61
         8        42        57        58        61
         8        42        58        61        62
         8        45        46        47        63
         8        46        47        48        63
         4        46        48        63        64
         4        45        46        61        63
         8        46        61        62        63
         8        46        62        63        64
         8        47        48        48        64
         4        48        48        48        64
         4        48        48        64        64
         4        47        48        63        64
         8        48        63        64        64
         4        48        64        64        64
         4        47        48        48        63
         4        46        48        62        63
         4        48        48        63        64
         4        42        46        58        61
         4        46        47        61        63
         4        37        42        53        57
         4        42        45        57        61
         4        37        41        52        57
         8        37        38        42        58
         8        38        42        43        58
         4        38        43        58        59
         4        37        38        53        58
         8        38        53        54        58
         8        38        54        58        59
         8        42        43        46        62
         8        43        46        46        62
         4        43        46        62        62
         4        42        43        58        62
         8        43        58        59        62
         4        43        59        62        62
         4        46        46        48        64
         8        46        47        48        64
         4        46        47        63        64
         4        46        46        62        64
         8        46        62        62        64
         4        46        47        62        64
         4        47        48        64        64
         4        47        63        64        64
         4        43        46        59        62
         4        46        48        62        64
         4        38        43        54        58
         4        43        46        58        62
         4        38        42        53        58
         4        38        38        43        59
         8        38        42        43        59
         4        38        42        58        59
         4        38        38        54        59
         8        38        54        54        59
         8        42        45        46        62
         4        42        45        61        62
         4        42        43        59        62
         8        42        58        59        62
         4        45        45        47        63
         4        45        45        61        63
         4        45        46        62        63
         8        45        61        62        63
         4        42        45        58        62
         4        45        47        62        63
         4        38        42        54        59
         4        42        46        59        62
         4        38        43        54        59
         8        37        41        42        58
         4        37        41        57        58
         4        37        38        54        58
         8        37        53        54        58
         8        41        44        45        61
         4        41        44        60        61
         4        41        42        58        61
         8        41        57        58        61
         4        41        44        57        61
         4        44        45        61        61
         4        44        60        61        61
         4        37        41        53        58
         4        41        45        58        61
         4        37        42        54        58
         8        36        40        41        57
         4        36        40        56        57
         4        36        37        53        57
         8        36        52        53        57
         4        40        40        44        60
         4        40        40        56        60
         4        40        41        57        60
         8        40        56        57        60
         4        36        40        52        57
         4        40        44        57        60
         4        36        41        53        57
         8        35        39        40        56
         4        35        39        55        56
         4        35        36        52        56
         8        35        51        52        56
         4        35        39        51        56
         4        39        40        56        56
         4        39        55        56        56
         4        35        40        52        56
         4        34        34        39        55
         4        34        34        50        55
         4        34        35        51        55
         8        34        50        51        55
         4        34        39        51        55
         4        33        34        50        50
         4        33        49        50        50
         8        49        50        50        66
         8        50        50        55        66
         4        50        55        66        71
         4        49        50        65        66
         8        50        65        66        66
         8        50        66        66        71
         8        50        51        55        67
         8        51        55        56        67
         4        55        56        67        72
         4        50        55        66        67
         8        55        66        67        71
         8        55        67        71        72
         8        51        52        56        68
         8        52        56        57        68
         4        56        57        68        73
         4        51        56        67        68
         8        56        67        68        72
         8        56        68        72        73
         8        52        53        57        69
         8        53        57        58        69
         4        57        58        69        74
         4        52        57        68        69
         8        57        68        69        73
         8        57        69        73        74
         8        53        54        58        70
         8        54        58        59        70
         4        58        59        70        75
         4        53        58        69        70
         8        58        69        70        74
         8        58        70        74        75
         8        54        54        59        70
         4        58        59        70        74
         4        54        59        70        70
         4        59        70        70        75
         8        59        70        74        75
         8        53        54        58        69
         4        57        58        69        73
         4        54        58        69        70
         8        58        69        73        74
         8        52        53        57        68
         4        56        57        68        72
         4        53        57        68        69
         8        57        68        72        73
         8        51        52        56        67
         4        55        56        67        71
         4        52        56        67        68
         8        56        67        71        72
         8        50        51        55        66
         4        50        55        66        66
         4        51        55        66        67
         4        55        66        66        71
         4        49        50        50        65
         4        50        50        65        66
         8        50        51        55        71
         8        51        55        56        71
         4        51        56        71        72
         4        50        51        66        71
         8        51        66        67        71
         8        51        67        71        72
         8        55        56        56        72
         8        56        56        60        72
         4        56        60        72        76
         4        55        56        71        72
         8        56        71        72        72
         8        56        72        72        76
         8        56        57        60        73
         8        57        60        61        73
         4        60        61        73        77
         4        56        60        72        73
         8        60        72        73        76
         8        60        73        76        77
         8        57        58        61        74
         8        58        61        62        74
         4        61        62        74        78
         4        57        61        73        74
         8        61        73        74        77
         8        61        74        77        78
         8        58        59        62        75
         4        59        62        62        75
         4        62        62        75        78
         4        58        62        74        75
         8        62        74        75        78
         8        62        75        78        78
         8        58        59        62        74
         4        61        62        74        77
         4        59        62        74        75
         8        62        74        77        78
         8        57        58        61        73
         4        60        61        73        76
         4        58        61        73        74
         8        61        73        76        77
         8        56        57        60        72
         4        56        60        72        72
         4        57        60        72        73
         4        60        72        72        76
         4        55        56        56        71
         4        51        56        67        71
         4        56        56        71        72
         4        51        55        66        71
         8        51        52        56        72
         8        52        56        57        72
         4        52        57        72        73
         4        51        52        67        72
         8        52        67        68        72
         8        52        68        72        73
         8        56        57        60        76
         8        57        60        61        76
         4        57        61        76        77
         4        56        57        72        76
         8        57        72        73        76
         8        57        73        76        77
         8        60        61        61        77
         8        61        61        63        77
         4        61        63        77        79
         4        60        61        76        77
         8        61        76        77        77
         8        61        77        77        79
         8        61        62        63        78
         8        62        63        64        78
         4        63        64        78        80
         4        61        63        77        78
         8        63        77        78        79
         8        63        78        79        80
         8        62        62        64        78
         4        63        64        78        79
         4        62        64        78        78
         4        64        78        78        80
         8        64        78        79        80
         8        61        62        63        77
         4        61        63        77        77
         4        62        63        77        78
         4        63        77        77        79
         4        60        61        61        76
         4        57        61        73        76
         4        61        61        76        77
         4        52        57        68        72
         4        57        60        72        76
         4        52        56        67        72
         8        52        53        57        73
         8        53        57        58        73
         4        53        58        73        74
         4        52        53        68        73
         8        53        68        69        73
         8        53        69        73        74
         8        57        58        61        77
         8        58        61        62        77
         4        58        62        77        78
         4        57        58        73        77
         8        58        73        74        77
         8        58        74        77        78
         8        61        62        63        79
         8        62        63        64        79
         4        62        64        79        80
         4        61        62        77        79
         8        62        77        78        79
         8        62        78        79        80
         8        63        64        64        80
         4        64        64        64        80
         4        64        64        80        80
         4        63        64        79        80
         8        64        79        80        80
         4        64        80        80        80
         4        63        64        64        79
         4        62        64        78        79
         4        64        64        79        80
         4        58        62        74        77
         4        62        63        77        79
         4        53        58        69        73
         4        58        61        73        77
         4        53        57        68        73
         8        53        54        58        74
         8        54        58        59        74
         4        54        59        74        75
         4        53        54        69        74
         8        54        69        70        74
         8        54        70        74        75
         8        58        59        62        78
         8        59        62        62        78
         4        59        62        78        78
         4        58        59        74        78
         8        59        74        75        78
         4        59        75        78        78
         4        62        62        64        80
         8        62        63        64        80
         4        62        63        79        80
         4        62        62        78        80
         8        62        78        78        80
         4        62        63        78        80
         4        63        64        80        80
         4        63        79        80        80
         4        59        62        75        78
         4        62        64        78        80
         4        54        59        70        74
         4        59        62        74        78
         4        54        58        69        74
         4        54        54        59        75
         8        54        58        59        75
         4        54        58        74        75
         4        54        54        70        75
         8        54        70        70        75
         8        58        61        62        78
         4        58        61        77        78
         4        58        59        75        78
         8        58        74        75        78
         4        61        61        63        79
         4        61        61        77        79
         4        61        62        78        79
         8        61        77        78        79
         4        58        61        74        78
         4        61        63        78        79
         4        54        58        70        75
         4        58        62        75        78
         4        54        59        70        75
         8        53        57        58        74
         4        53        57        73        74
         4        53        54        70        74
         8        53        69        70        74
         8        57        60        61        77
         4        57        60        76        77
         4        57        58        74        77
         8        57        73        74        77
         4        57        60        73        77
         4        60        61        77        77
         4        60        76        77        77
         4        53        57        69        74
         4        57        61        74        77
         4        53        58        70        74
         8        52        56        57        73
         4        52        56        72        73
         4        52        53        69        73
         8        52        68        69        73
         4        56        56        60        76
         4        56        56        72        76
         4        56        57        73        76
         8        56        72        73        76
         4        52        56        68        73
         4        56        60        73        76
         4        52        57        69        73
         8        51        55        56        72
         4        51        55        71        72
         4        51        52        68        72
         8        51        67        68        72
         4        51        55        67        72
         4        55        56        72        72
         4        55        71        72        72
         4        51        56        68        72
         4        50        50        55        71
         4        50        50        66        71
         4        50        51        67        71
         8        50        66        67        71
         4        50        55        67        71
         4        49        50        66        66
         4        49        65        66        66
        12        65        66        66        66
        12        66        66        66        71
         6        66        66        71        71
         6        65        65        66        66
        12        66        67        67        71
        12        67        67        71        72
        12        67        71        72        72
        12        66        66        67        71
        12        66        67        71        71
        12        67        71        71        72
        12        67        68        68        72
        12        68        68        72        73
        12        68        72        73        73
        12        67        67        68        72
        12        67        68        72        72
        12        68        72        72        73
        12        68        69        69        73
        12        69        69        73        74
        12        69        73        74        74
        12        68        68        69        73
        12        68        69        73        73
        12        69        73        73        74
        12        69        70        70        74
        12        70        70        74        75
        12        70        74        75        75
        12        69        69        70        74
        12        69        70        74        74
        12        70        74        74        75
        12        70        70        70        75
         6        70        70        75        75
        12        71        72        72        72
        12        72        72        72        76
         6        72        72        76        76
         6        71        71        72        72
        12        72        73        73        76
        12        73        73        76        77
        12        73        76        77        77
        12        72        72        73        76
        12        72        73        76        76
        12        73        76        76        77
        12        73        74        74        77
        12        74        74        77        78
        12        74        77        78        78
        12        73        73        74        77
        12        73        74        77        77
        12        74        77        77        78
        12        74        75        75        78
         6        75        75        78        78
        12        75        78        78        78
        12        74        74        75        78
        12        74        75        78        78
        12        76        77        77        77
        12        77        77        77        79
         6        77        77        79        79
         6        76        76        77        77
        12        77        78        78        79
        12        78        78        79        80
        12        78        79        80        80
        12        77        77        78        79
        12        77        78        79        79
        12        78        79        79        80
        12        78        78        78        80
         6        78        78        80        80
        12        79        80        80        80
         6        80        80        80        80
         6        79        79        80        80
