Automatically generated mesh
     128
Reciprocal lattice
    0.00000000000000    0.00000000000000    0.00000000000000             1
    0.11111111111111    0.00000000000000   -0.00000000000001             2
    0.22222222222222   -0.00000000000000    0.00000000000000             2
    0.33333333333334   -0.00000000000000   -0.00000000000000             2
    0.44444444444444   -0.00000000000000    0.00000000000001             2
    0.00000000000000    0.14285714285715   -0.00000000000000             4
    0.11111111111111    0.14285714285715    0.00000000000001             4
    0.22222222222222    0.14285714285715    0.00000000000000             4
    0.33333333333334    0.14285714285715   -0.00000000000001             4
    0.44444444444444    0.14285714285715    0.00000000000000             4
   -0.44444444444444    0.14285714285715    0.00000000000000             4
   -0.33333333333334    0.14285714285715    0.00000000000000             4
   -0.22222222222222    0.14285714285715   -0.00000000000000             4
   -0.11111111111111    0.14285714285715   -0.00000000000000             4
    0.00000000000000    0.28571428571428   -0.00000000000000             4
    0.11111111111111    0.28571428571428    0.00000000000000             4
    0.22222222222222    0.28571428571428   -0.00000000000000             4
    0.33333333333334    0.28571428571428   -0.00000000000000             4
    0.44444444444444    0.28571428571428    0.00000000000000             4
   -0.44444444444444    0.28571428571428   -0.00000000000000             4
   -0.33333333333334    0.28571428571428    0.00000000000000             4
   -0.22222222222222    0.28571428571428    0.00000000000000             4
   -0.11111111111111    0.28571428571428   -0.00000000000000             4
    0.00000000000000    0.42857142857143   -0.00000000000001             4
    0.11111111111111    0.42857142857143    0.00000000000000             4
    0.22222222222222    0.42857142857143   -0.00000000000000             4
    0.33333333333334    0.42857142857143    0.00000000000000             4
    0.44444444444444    0.42857142857143   -0.00000000000000             4
   -0.44444444444444    0.42857142857143   -0.00000000000000             4
   -0.33333333333334    0.42857142857143   -0.00000000000000             4
   -0.22222222222222    0.42857142857143    0.00000000000000             4
   -0.11111111111111    0.42857142857143    0.00000000000000             4
    0.00000000000000    0.14285714285715    0.14285714285714             2
    0.11111111111111    0.14285714285715    0.14285714285715             2
    0.22222222222222    0.14285714285715    0.14285714285714             2
    0.33333333333334    0.14285714285715    0.14285714285714             2
    0.44444444444444    0.14285714285715    0.14285714285715             2
   -0.44444444444444    0.14285714285715    0.14285714285714             2
   -0.33333333333334    0.14285714285715    0.14285714285715             2
   -0.22222222222222    0.14285714285715    0.14285714285714             2
   -0.11111111111111    0.14285714285715    0.14285714285714             2
    0.00000000000000    0.28571428571428    0.14285714285714             4
    0.11111111111111    0.28571428571428    0.14285714285715             4
    0.22222222222222    0.28571428571428    0.14285714285714             4
    0.33333333333334    0.28571428571428    0.14285714285715             4
    0.44444444444444    0.28571428571428    0.14285714285714             4
   -0.44444444444444    0.28571428571428    0.14285714285714             4
   -0.33333333333334    0.28571428571428    0.14285714285714             4
   -0.22222222222222    0.28571428571428    0.14285714285714             4
   -0.11111111111111    0.28571428571428    0.14285714285715             4
    0.00000000000000    0.42857142857143    0.14285714285714             4
    0.11111111111111    0.42857142857143    0.14285714285714             4
    0.22222222222222    0.42857142857143    0.14285714285714             4
    0.33333333333334    0.42857142857143    0.14285714285715             4
    0.44444444444444    0.42857142857143    0.14285714285714             4
   -0.44444444444444    0.42857142857143    0.14285714285714             4
   -0.33333333333334    0.42857142857143    0.14285714285714             4
   -0.22222222222222    0.42857142857143    0.14285714285714             4
   -0.11111111111111    0.42857142857143    0.14285714285714             4
    0.00000000000000   -0.42857142857143    0.14285714285715             4
    0.11111111111111   -0.42857142857143    0.14285714285714             4
    0.22222222222222   -0.42857142857143    0.14285714285714             4
    0.33333333333334   -0.42857142857143    0.14285714285715             4
    0.44444444444444   -0.42857142857143    0.14285714285714             4
   -0.44444444444444   -0.42857142857143    0.14285714285714             4
   -0.33333333333334   -0.42857142857143    0.14285714285714             4
   -0.22222222222222   -0.42857142857143    0.14285714285714             4
   -0.11111111111111   -0.42857142857143    0.14285714285714             4
    0.00000000000000   -0.28571428571428    0.14285714285715             4
    0.11111111111111   -0.28571428571428    0.14285714285714             4
    0.22222222222222   -0.28571428571428    0.14285714285714             4
    0.33333333333334   -0.28571428571428    0.14285714285714             4
    0.44444444444444   -0.28571428571428    0.14285714285714             4
   -0.44444444444444   -0.28571428571428    0.14285714285714             4
   -0.33333333333334   -0.28571428571428    0.14285714285714             4
   -0.22222222222222   -0.28571428571428    0.14285714285715             4
   -0.11111111111111   -0.28571428571428    0.14285714285714             4
   -0.00000000000000   -0.14285714285715    0.14285714285714             2
    0.11111111111111   -0.14285714285715    0.14285714285714             4
    0.22222222222222   -0.14285714285715    0.14285714285715             4
    0.33333333333334   -0.14285714285715    0.14285714285714             4
    0.44444444444444   -0.14285714285715    0.14285714285714             4
    0.00000000000000    0.28571428571428    0.28571428571428             2
    0.11111111111111    0.28571428571428    0.28571428571429             2
    0.22222222222222    0.28571428571428    0.28571428571428             2
    0.33333333333334    0.28571428571428    0.28571428571429             2
    0.44444444444444    0.28571428571428    0.28571428571429             2
   -0.44444444444444    0.28571428571428    0.28571428571428             2
   -0.33333333333334    0.28571428571428    0.28571428571429             2
   -0.22222222222222    0.28571428571428    0.28571428571429             2
   -0.11111111111111    0.28571428571428    0.28571428571429             2
    0.00000000000000    0.42857142857143    0.28571428571429             4
    0.11111111111111    0.42857142857143    0.28571428571429             4
    0.22222222222222    0.42857142857143    0.28571428571428             4
    0.33333333333334    0.42857142857143    0.28571428571429             4
    0.44444444444444    0.42857142857143    0.28571428571428             4
   -0.44444444444444    0.42857142857143    0.28571428571429             4
   -0.33333333333334    0.42857142857143    0.28571428571428             4
   -0.22222222222222    0.42857142857143    0.28571428571428             4
   -0.11111111111111    0.42857142857143    0.28571428571429             4
    0.00000000000000   -0.42857142857143    0.28571428571429             4
    0.11111111111111   -0.42857142857143    0.28571428571428             4
    0.22222222222222   -0.42857142857143    0.28571428571429             4
    0.33333333333334   -0.42857142857143    0.28571428571429             4
    0.44444444444444   -0.42857142857143    0.28571428571428             4
   -0.44444444444444   -0.42857142857143    0.28571428571429             4
   -0.33333333333334   -0.42857142857143    0.28571428571428             4
   -0.22222222222222   -0.42857142857143    0.28571428571428             4
   -0.11111111111111   -0.42857142857143    0.28571428571428             4
    0.00000000000000   -0.28571428571428    0.28571428571429             2
    0.11111111111111   -0.28571428571428    0.28571428571428             4
    0.22222222222222   -0.28571428571428    0.28571428571429             4
    0.33333333333334   -0.28571428571428    0.28571428571429             4
    0.44444444444444   -0.28571428571428    0.28571428571428             4
    0.00000000000000    0.42857142857143    0.42857142857143             2
    0.11111111111111    0.42857142857143    0.42857142857143             2
    0.22222222222222    0.42857142857143    0.42857142857142             2
    0.33333333333334    0.42857142857143    0.42857142857143             2
    0.44444444444444    0.42857142857143    0.42857142857143             2
   -0.44444444444444    0.42857142857143    0.42857142857143             2
   -0.33333333333334    0.42857142857143    0.42857142857143             2
   -0.22222222222222    0.42857142857143    0.42857142857143             2
   -0.11111111111111    0.42857142857143    0.42857142857143             2
    0.00000000000000   -0.42857142857143    0.42857142857143             2
    0.11111111111111   -0.42857142857143    0.42857142857143             4
    0.22222222222222   -0.42857142857143    0.42857142857143             4
    0.33333333333334   -0.42857142857143    0.42857142857143             4
    0.44444444444444   -0.42857142857143    0.42857142857142             4
Tetrahedra
       664    0.00037792894936
         4         1         6         7        34
         4         1         2         7        34
         4         1         6        33        34
         4         2         7         8        35
         4         2         3         8        35
         4         2         7        34        35
         4         3         8         9        36
         4         3         4         9        36
         4         3         8        35        36
         4         4         9        10        37
         4         4         5        10        37
         4         4         9        36        37
         4         5        10        11        38
         4         5         5        11        38
         4         5        10        37        38
         4         5        11        12        39
         4         4         5        12        39
         4         5        11        38        39
         4         4        12        13        40
         4         3         4        13        40
         4         4        12        39        40
         4         3        13        14        41
         4         2         3        14        41
         4         3        13        40        41
         4         2         6        14        33
         4         1         2         6        33
         4         2        14        33        41
         4         6        15        16        43
         4         6         7        16        43
         4         6         7        34        43
         4         6        15        42        43
         4         6        33        42        43
         4         6        33        34        43
         4         7        16        17        44
         4         7         8        17        44
         4         7         8        35        44
         4         7        16        43        44
         4         7        34        43        44
         4         7        34        35        44
         4         8        17        18        45
         4         8         9        18        45
         4         8         9        36        45
         4         8        17        44        45
         4         8        35        44        45
         4         8        35        36        45
         4         9        18        19        46
         4         9        10        19        46
         4         9        10        37        46
         4         9        18        45        46
         4         9        36        45        46
         4         9        36        37        46
         4        10        19        20        47
         4        10        11        20        47
         4        10        11        38        47
         4        10        19        46        47
         4        10        37        46        47
         4        10        37        38        47
         4        11        20        21        48
         4        11        12        21        48
         4        11        12        39        48
         4        11        20        47        48
         4        11        38        47        48
         4        11        38        39        48
         4        12        21        22        49
         4        12        13        22        49
         4        12        13        40        49
         4        12        21        48        49
         4        12        39        48        49
         4        12        39        40        49
         4        13        22        23        50
         4        13        14        23        50
         4        13        14        41        50
         4        13        22        49        50
         4        13        40        49        50
         4        13        40        41        50
         4        14        15        23        42
         4         6        14        15        42
         4         6        14        33        42
         4        14        23        42        50
         4        14        41        42        50
         4        14        33        41        42
         4        15        24        25        52
         4        15        16        25        52
         4        15        16        43        52
         4        15        24        51        52
         4        15        42        51        52
         4        15        42        43        52
         4        16        25        26        53
         4        16        17        26        53
         4        16        17        44        53
         4        16        25        52        53
         4        16        43        52        53
         4        16        43        44        53
         4        17        26        27        54
         4        17        18        27        54
         4        17        18        45        54
         4        17        26        53        54
         4        17        44        53        54
         4        17        44        45        54
         4        18        27        28        55
         4        18        19        28        55
         4        18        19        46        55
         4        18        27        54        55
         4        18        45        54        55
         4        18        45        46        55
         4        19        28        29        56
         4        19        20        29        56
         4        19        20        47        56
         4        19        28        55        56
         4        19        46        55        56
         4        19        46        47        56
         4        20        29        30        57
         4        20        21        30        57
         4        20        21        48        57
         4        20        29        56        57
         4        20        47        56        57
         4        20        47        48        57
         4        21        30        31        58
         4        21        22        31        58
         4        21        22        49        58
         4        21        30        57        58
         4        21        48        57        58
         4        21        48        49        58
         4        22        31        32        59
         4        22        23        32        59
         4        22        23        50        59
         4        22        31        58        59
         4        22        49        58        59
         4        22        49        50        59
         4        23        24        32        51
         4        15        23        24        51
         4        15        23        42        51
         4        23        32        51        59
         4        23        50        51        59
         4        23        42        50        51
         4        24        24        32        61
         4        24        25        32        61
         4        24        25        52        61
         4        24        24        60        61
         4        24        51        60        61
         4        24        51        52        61
         4        25        31        32        62
         4        25        26        31        62
         4        25        26        53        62
         4        25        32        61        62
         4        25        52        61        62
         4        25        52        53        62
         4        26        30        31        63
         4        26        27        30        63
         4        26        27        54        63
         4        26        31        62        63
         4        26        53        62        63
         4        26        53        54        63
         4        27        29        30        64
         4        27        28        29        64
         4        27        28        55        64
         4        27        30        63        64
         4        27        54        63        64
         4        27        54        55        64
         8        28        28        29        65
         4        28        29        56        65
         4        28        29        64        65
         4        28        55        64        65
         4        28        55        56        65
         4        27        28        29        66
         4        27        29        30        66
         4        29        30        57        66
         4        28        29        65        66
         4        29        56        65        66
         4        29        56        57        66
         4        26        27        30        67
         4        26        30        31        67
         4        30        31        58        67
         4        27        30        66        67
         4        30        57        66        67
         4        30        57        58        67
         4        25        26        31        68
         4        25        31        32        68
         4        31        32        59        68
         4        26        31        67        68
         4        31        58        67        68
         4        31        58        59        68
         4        24        25        32        60
         4        24        24        32        60
         4        24        32        51        60
         4        25        32        60        68
         4        32        59        60        68
         4        32        51        59        60
         4        15        23        24        70
         4        23        24        32        70
         4        24        32        61        70
         4        15        24        69        70
         4        24        60        69        70
         4        24        60        61        70
         4        22        23        32        71
         4        22        31        32        71
         4        31        32        62        71
         4        23        32        70        71
         4        32        61        70        71
         4        32        61        62        71
         4        21        22        31        72
         4        21        30        31        72
         4        30        31        63        72
         4        22        31        71        72
         4        31        62        71        72
         4        31        62        63        72
         4        20        21        30        73
         4        20        29        30        73
         4        29        30        64        73
         4        21        30        72        73
         4        30        63        72        73
         4        30        63        64        73
         4        19        20        29        74
         4        19        28        29        74
         4        28        29        65        74
         4        20        29        73        74
         4        29        64        73        74
         4        29        64        65        74
         4        18        19        28        75
         4        18        27        28        75
         4        27        28        66        75
         4        19        28        74        75
         4        28        65        74        75
         4        28        65        66        75
         4        17        18        27        76
         4        17        26        27        76
         4        26        27        67        76
         4        18        27        75        76
         4        27        66        75        76
         4        27        66        67        76
         4        16        17        26        77
         4        16        25        26        77
         4        25        26        68        77
         4        17        26        76        77
         4        26        67        76        77
         4        26        67        68        77
         4        15        16        25        69
         4        15        24        25        69
         4        24        25        60        69
         4        16        25        69        77
         4        25        68        69        77
         4        25        60        68        69
         4         6        14        15        79
         4        14        15        23        79
         4        15        23        70        79
         4         6        15        78        79
         4        15        69        78        79
         4        15        69        70        79
         4        13        14        23        80
         4        13        22        23        80
         4        22        23        71        80
         4        14        23        79        80
         4        23        70        79        80
         4        23        70        71        80
         4        12        13        22        81
         4        12        21        22        81
         4        21        22        72        81
         4        13        22        80        81
         4        22        71        80        81
         4        22        71        72        81
         4        11        12        21        82
         4        11        20        21        82
         4        20        21        73        82
         4        12        21        81        82
         4        21        72        81        82
         4        21        72        73        82
         4        10        11        20        82
         4        10        19        20        82
         4        19        20        74        82
         4        11        20        82        82
         4        20        73        82        82
         4        20        73        74        82
         4         9        10        19        81
         4         9        18        19        81
         4        18        19        75        81
         4        10        19        81        82
         4        19        74        81        82
         4        19        74        75        81
         4         8         9        18        80
         4         8        17        18        80
         4        17        18        76        80
         4         9        18        80        81
         4        18        75        80        81
         4        18        75        76        80
         4         7         8        17        79
         4         7        16        17        79
         4        16        17        77        79
         4         8        17        79        80
         4        17        76        79        80
         4        17        76        77        79
         4         6         7        16        78
         4         6        15        16        78
         4        15        16        69        78
         4         7        16        78        79
         4        16        77        78        79
         4        16        69        77        78
         4         1         2         6         7
         4         2         6         7        14
         4         6         7        14        79
         4         1         6         6         7
         4         6         6         7        78
         4         6         7        78        79
         4         2         3         8        14
         4         3         8        13        14
         4         8        13        14        80
         4         2         7         8        14
         4         7         8        14        79
         4         8        14        79        80
         4         3         4         9        13
         4         4         9        12        13
         4         9        12        13        81
         4         3         8         9        13
         4         8         9        13        80
         4         9        13        80        81
         4         4         5        10        12
         4         5        10        11        12
         4        10        11        12        82
         4         4         9        10        12
         4         9        10        12        81
         4        10        12        81        82
         2         5         5        11        11
         4         5        10        11        11
         4        10        11        11        82
         2        11        11        82        82
         4        33        42        43        84
         4        33        34        43        84
         4        33        42        83        84
         4        34        43        44        85
         4        34        35        44        85
         4        34        43        84        85
         4        35        44        45        86
         4        35        36        45        86
         4        35        44        85        86
         4        36        45        46        87
         4        36        37        46        87
         4        36        45        86        87
         4        37        46        47        88
         4        37        38        47        88
         4        37        46        87        88
         4        38        47        48        89
         4        38        39        48        89
         4        38        47        88        89
         4        39        48        49        90
         4        39        40        49        90
         4        39        48        89        90
         4        40        49        50        91
         4        40        41        50        91
         4        40        49        90        91
         4        41        42        50        83
         4        33        41        42        83
         4        41        50        83        91
         4        42        51        52        93
         4        42        43        52        93
         4        42        43        84        93
         4        42        51        92        93
         4        42        83        92        93
         4        42        83        84        93
         4        43        52        53        94
         4        43        44        53        94
         4        43        44        85        94
         4        43        52        93        94
         4        43        84        93        94
         4        43        84        85        94
         4        44        53        54        95
         4        44        45        54        95
         4        44        45        86        95
         4        44        53        94        95
         4        44        85        94        95
         4        44        85        86        95
         4        45        54        55        96
         4        45        46        55        96
         4        45        46        87        96
         4        45        54        95        96
         4        45        86        95        96
         4        45        86        87        96
         4        46        55        56        97
         4        46        47        56        97
         4        46        47        88        97
         4        46        55        96        97
         4        46        87        96        97
         4        46        87        88        97
         4        47        56        57        98
         4        47        48        57        98
         4        47        48        89        98
         4        47        56        97        98
         4        47        88        97        98
         4        47        88        89        98
         4        48        57        58        99
         4        48        49        58        99
         4        48        49        90        99
         4        48        57        98        99
         4        48        89        98        99
         4        48        89        90        99
         4        49        58        59       100
         4        49        50        59       100
         4        49        50        91       100
         4        49        58        99       100
         4        49        90        99       100
         4        49        90        91       100
         4        50        51        59        92
         4        42        50        51        92
         4        42        50        83        92
         4        50        59        92       100
         4        50        91        92       100
         4        50        83        91        92
         4        51        60        61       102
         4        51        52        61       102
         4        51        52        93       102
         4        51        60       101       102
         4        51        92       101       102
         4        51        92        93       102
         4        52        61        62       103
         4        52        53        62       103
         4        52        53        94       103
         4        52        61       102       103
         4        52        93       102       103
         4        52        93        94       103
         4        53        62        63       104
         4        53        54        63       104
         4        53        54        95       104
         4        53        62       103       104
         4        53        94       103       104
         4        53        94        95       104
         4        54        63        64       105
         4        54        55        64       105
         4        54        55        96       105
         4        54        63       104       105
         4        54        95       104       105
         4        54        95        96       105
         4        55        64        65       106
         4        55        56        65       106
         4        55        56        97       106
         4        55        64       105       106
         4        55        96       105       106
         4        55        96        97       106
         4        56        65        66       107
         4        56        57        66       107
         4        56        57        98       107
         4        56        65       106       107
         4        56        97       106       107
         4        56        97        98       107
         4        57        66        67       108
         4        57        58        67       108
         4        57        58        99       108
         4        57        66       107       108
         4        57        98       107       108
         4        57        98        99       108
         4        58        67        68       109
         4        58        59        68       109
         4        58        59       100       109
         4        58        67       108       109
         4        58        99       108       109
         4        58        99       100       109
         4        59        60        68       101
         4        51        59        60       101
         4        51        59        92       101
         4        59        68       101       109
         4        59       100       101       109
         4        59        92       100       101
         4        60        69        70       111
         4        60        61        70       111
         4        60        61       102       111
         4        60        69       110       111
         4        60       101       110       111
         4        60       101       102       111
         4        61        70        71       112
         4        61        62        71       112
         4        61        62       103       112
         4        61        70       111       112
         4        61       102       111       112
         4        61       102       103       112
         4        62        71        72       113
         4        62        63        72       113
         4        62        63       104       113
         4        62        71       112       113
         4        62       103       112       113
         4        62       103       104       113
         4        63        72        73       114
         4        63        64        73       114
         4        63        64       105       114
         4        63        72       113       114
         4        63       104       113       114
         4        63       104       105       114
         4        64        73        74       114
         4        64        65        74       114
         4        64        65       106       114
         4        64        73       114       114
         4        64       105       114       114
         4        64       105       106       114
         4        65        74        75       113
         4        65        66        75       113
         4        65        66       107       113
         4        65        74       113       114
         4        65       106       113       114
         4        65       106       107       113
         4        66        75        76       112
         4        66        67        76       112
         4        66        67       108       112
         4        66        75       112       113
         4        66       107       112       113
         4        66       107       108       112
         4        67        76        77       111
         4        67        68        77       111
         4        67        68       109       111
         4        67        76       111       112
         4        67       108       111       112
         4        67       108       109       111
         4        68        69        77       110
         4        60        68        69       110
         4        60        68       101       110
         4        68        77       110       111
         4        68       109       110       111
         4        68       101       109       110
         4        69        77        78        79
         4        69        70        77        79
         4        69        70        77       111
         4        69        69        77        78
         4        69        69        77       110
         4        69        77       110       111
         4        70        76        79        80
         4        70        71        76        80
         4        70        71        76       112
         4        70        76        77        79
         4        70        76        77       111
         4        70        76       111       112
         4        71        75        80        81
         4        71        72        75        81
         4        71        72        75       113
         4        71        75        76        80
         4        71        75        76       112
         4        71        75       112       113
         4        72        74        81        82
         4        72        73        74        82
         4        72        73        74       114
         4        72        74        75        81
         4        72        74        75       113
         4        72        74       113       114
         2        73        73        82        82
         4        73        73        74        82
         4        73        73        74       114
         2        73        73       114       114
         4        83        92        93       116
         4        83        84        93       116
         4        83        92       115       116
         4        84        93        94       117
         4        84        85        94       117
         4        84        93       116       117
         4        85        94        95       118
         4        85        86        95       118
         4        85        94       117       118
         4        86        95        96       119
         4        86        87        96       119
         4        86        95       118       119
         4        87        96        97       120
         4        87        88        97       120
         4        87        96       119       120
         4        88        97        98       121
         4        88        89        98       121
         4        88        97       120       121
         4        89        98        99       122
         4        89        90        99       122
         4        89        98       121       122
         4        90        99       100       123
         4        90        91       100       123
         4        90        99       122       123
         4        91        92       100       115
         4        83        91        92       115
         4        91       100       115       123
         4        92       101       102       125
         4        92        93       102       125
         4        92        93       116       125
         4        92       101       124       125
         4        92       115       124       125
         4        92       115       116       125
         4        93       102       103       126
         4        93        94       103       126
         4        93        94       117       126
         4        93       102       125       126
         4        93       116       125       126
         4        93       116       117       126
         4        94       103       104       127
         4        94        95       104       127
         4        94        95       118       127
         4        94       103       126       127
         4        94       117       126       127
         4        94       117       118       127
         4        95       104       105       128
         4        95        96       105       128
         4        95        96       119       128
         4        95       104       127       128
         4        95       118       127       128
         4        95       118       119       128
         4        96       105       106       128
         4        96        97       106       128
         4        96        97       120       128
         4        96       105       128       128
         4        96       119       128       128
         4        96       119       120       128
         4        97       106       107       127
         4        97        98       107       127
         4        97        98       121       127
         4        97       106       127       128
         4        97       120       127       128
         4        97       120       121       127
         4        98       107       108       126
         4        98        99       108       126
         4        98        99       122       126
         4        98       107       126       127
         4        98       121       126       127
         4        98       121       122       126
         4        99       108       109       125
         4        99       100       109       125
         4        99       100       123       125
         4        99       108       125       126
         4        99       122       125       126
         4        99       122       123       125
         4       100       101       109       124
         4        92       100       101       124
         4        92       100       115       124
         4       100       109       124       125
         4       100       123       124       125
         4       100       115       123       124
         4       101       109       110       111
         4       101       102       109       111
         4       101       102       109       125
         4       101       101       109       110
         4       101       101       109       124
         4       101       109       124       125
         4       102       108       111       112
         4       102       103       108       112
         4       102       103       108       126
         4       102       108       109       111
         4       102       108       109       125
         4       102       108       125       126
         4       103       107       112       113
         4       103       104       107       113
         4       103       104       107       127
         4       103       107       108       112
         4       103       107       108       126
         4       103       107       126       127
         4       104       106       113       114
         4       104       105       106       114
         4       104       105       106       128
         4       104       106       107       113
         4       104       106       107       127
         4       104       106       127       128
         2       105       105       114       114
         4       105       105       106       114
         4       105       105       106       128
         2       105       105       128       128
         4       115       123       124       125
         4       115       116       123       125
         4       115       115       123       124
         4       116       122       125       126
         4       116       117       122       126
         4       116       122       123       125
         4       117       121       126       127
         4       117       118       121       127
         4       117       121       122       126
         4       118       120       127       128
         4       118       119       120       128
         4       118       120       121       127
         2       119       119       128       128
         4       119       119       120       128
