Automatically generated mesh
     116
Reciprocal lattice
    0.00000000000000    0.00000000000000    0.00000000000000             1
    0.12500000000000    0.00000000000000    0.00000000000000             2
    0.25000000000000    0.00000000000000    0.00000000000000             2
    0.37500000000000   -0.00000000000000    0.00000000000000             2
    0.50000000000000    0.00000000000000    0.00000000000000             1
   -0.00000000000000    0.14285714285715    0.00000000000000             2
    0.12500000000000    0.14285714285715    0.00000000000000             2
    0.25000000000000    0.14285714285715    0.00000000000000             2
    0.37500000000000    0.14285714285715    0.00000000000000             2
    0.50000000000000    0.14285714285715    0.00000000000000             2
   -0.37500000000000    0.14285714285715    0.00000000000000             2
   -0.25000000000000    0.14285714285715    0.00000000000000             2
   -0.12500000000000    0.14285714285715    0.00000000000000             2
   -0.00000000000000    0.28571428571428    0.00000000000000             2
    0.12500000000000    0.28571428571428    0.00000000000000             2
    0.25000000000000    0.28571428571428    0.00000000000000             2
    0.37500000000000    0.28571428571428    0.00000000000000             2
    0.50000000000000    0.28571428571428    0.00000000000000             2
   -0.37500000000000    0.28571428571428    0.00000000000000             2
   -0.25000000000000    0.28571428571428    0.00000000000000             2
   -0.12500000000000    0.28571428571428    0.00000000000000             2
   -0.00000000000000    0.42857142857143    0.00000000000000             2
    0.12500000000000    0.42857142857143    0.00000000000000             2
    0.25000000000000    0.42857142857143    0.00000000000000             2
    0.37500000000000    0.42857142857143    0.00000000000000             2
    0.50000000000000    0.42857142857143    0.00000000000000             2
   -0.37500000000000    0.42857142857143    0.00000000000000             2
   -0.25000000000000    0.42857142857143    0.00000000000000             2
   -0.12500000000000    0.42857142857143    0.00000000000000             2
    0.00000000000000    0.00000000000000    0.14285714285714             2
    0.12500000000000    0.00000000000000    0.14285714285714             4
    0.25000000000000    0.00000000000000    0.14285714285714             4
    0.37500000000000   -0.00000000000000    0.14285714285714             4
    0.50000000000000    0.00000000000000    0.14285714285714             2
   -0.00000000000000    0.14285714285715    0.14285714285714             4
    0.12500000000000    0.14285714285715    0.14285714285714             4
    0.25000000000000    0.14285714285715    0.14285714285714             4
    0.37500000000000    0.14285714285715    0.14285714285714             4
    0.50000000000000    0.14285714285715    0.14285714285714             4
   -0.37500000000000    0.14285714285715    0.14285714285714             4
   -0.25000000000000    0.14285714285715    0.14285714285714             4
   -0.12500000000000    0.14285714285715    0.14285714285714             4
   -0.00000000000000    0.28571428571428    0.14285714285714             4
    0.12500000000000    0.28571428571428    0.14285714285714             4
    0.25000000000000    0.28571428571428    0.14285714285714             4
    0.37500000000000    0.28571428571428    0.14285714285714             4
    0.50000000000000    0.28571428571428    0.14285714285714             4
   -0.37500000000000    0.28571428571428    0.14285714285714             4
   -0.25000000000000    0.28571428571428    0.14285714285714             4
   -0.12500000000000    0.28571428571428    0.14285714285714             4
   -0.00000000000000    0.42857142857143    0.14285714285714             4
    0.12500000000000    0.42857142857143    0.14285714285714             4
    0.25000000000000    0.42857142857143    0.14285714285714             4
    0.37500000000000    0.42857142857143    0.14285714285714             4
    0.50000000000000    0.42857142857143    0.14285714285714             4
   -0.37500000000000    0.42857142857143    0.14285714285714             4
   -0.25000000000000    0.42857142857143    0.14285714285714             4
   -0.12500000000000    0.42857142857143    0.14285714285714             4
    0.00000000000000    0.00000000000000    0.28571428571429             2
    0.12500000000000    0.00000000000000    0.28571428571429             4
    0.25000000000000    0.00000000000000    0.28571428571429             4
    0.37500000000000   -0.00000000000000    0.28571428571429             4
    0.50000000000000    0.00000000000000    0.28571428571429             2
   -0.00000000000000    0.14285714285715    0.28571428571429             4
    0.12500000000000    0.14285714285715    0.28571428571429             4
    0.25000000000000    0.14285714285715    0.28571428571429             4
    0.37500000000000    0.14285714285715    0.28571428571429             4
    0.50000000000000    0.14285714285715    0.28571428571429             4
   -0.37500000000000    0.14285714285715    0.28571428571429             4
   -0.25000000000000    0.14285714285715    0.28571428571429             4
   -0.12500000000000    0.14285714285715    0.28571428571429             4
   -0.00000000000000    0.28571428571428    0.28571428571429             4
    0.12500000000000    0.28571428571428    0.28571428571429             4
    0.25000000000000    0.28571428571428    0.28571428571429             4
    0.37500000000000    0.28571428571428    0.28571428571429             4
    0.50000000000000    0.28571428571428    0.28571428571429             4
   -0.37500000000000    0.28571428571428    0.28571428571429             4
   -0.25000000000000    0.28571428571428    0.28571428571429             4
   -0.12500000000000    0.28571428571428    0.28571428571429             4
   -0.00000000000000    0.42857142857143    0.28571428571429             4
    0.12500000000000    0.42857142857143    0.28571428571429             4
    0.25000000000000    0.42857142857143    0.28571428571429             4
    0.37500000000000    0.42857142857143    0.28571428571429             4
    0.50000000000000    0.42857142857143    0.28571428571429             4
   -0.37500000000000    0.42857142857143    0.28571428571429             4
   -0.25000000000000    0.42857142857143    0.28571428571429             4
   -0.12500000000000    0.42857142857143    0.28571428571429             4
    0.00000000000000    0.00000000000000    0.42857142857143             2
    0.12500000000000    0.00000000000000    0.42857142857143             4
    0.25000000000000    0.00000000000000    0.42857142857143             4
    0.37500000000000   -0.00000000000000    0.42857142857143             4
    0.50000000000000    0.00000000000000    0.42857142857143             2
   -0.00000000000000    0.14285714285715    0.42857142857143             4
    0.12500000000000    0.14285714285715    0.42857142857143             4
    0.25000000000000    0.14285714285715    0.42857142857143             4
    0.37500000000000    0.14285714285715    0.42857142857143             4
    0.50000000000000    0.14285714285715    0.42857142857143             4
   -0.37500000000000    0.14285714285715    0.42857142857143             4
   -0.25000000000000    0.14285714285715    0.42857142857143             4
   -0.12500000000000    0.14285714285715    0.42857142857143             4
   -0.00000000000000    0.28571428571428    0.42857142857143             4
    0.12500000000000    0.28571428571428    0.42857142857143             4
    0.25000000000000    0.28571428571428    0.42857142857143             4
    0.37500000000000    0.28571428571428    0.42857142857143             4
    0.50000000000000    0.28571428571428    0.42857142857143             4
   -0.37500000000000    0.28571428571428    0.42857142857143             4
   -0.25000000000000    0.28571428571428    0.42857142857143             4
   -0.12500000000000    0.28571428571428    0.42857142857143             4
   -0.00000000000000    0.42857142857143    0.42857142857143             4
    0.12500000000000    0.42857142857143    0.42857142857143             4
    0.25000000000000    0.42857142857143    0.42857142857143             4
    0.37500000000000    0.42857142857143    0.42857142857143             4
    0.50000000000000    0.42857142857143    0.42857142857143             4
   -0.37500000000000    0.42857142857143    0.42857142857143             4
   -0.25000000000000    0.42857142857143    0.42857142857143             4
   -0.12500000000000    0.42857142857143    0.42857142857143             4
Tetrahedra
      1174    0.00042517006803
         2         1         2         6        31
         2         2         6         7        31
         2         6         7        31        36
         2         1         6        30        31
         2         6        30        31        35
         2         6        31        35        36
         2         2         3         7        32
         2         3         7         8        32
         2         7         8        32        37
         2         2         7        31        32
         2         7        31        32        36
         2         7        32        36        37
         2         3         4         8        33
         2         4         8         9        33
         2         8         9        33        38
         2         3         8        32        33
         2         8        32        33        37
         2         8        33        37        38
         2         4         5         9        34
         2         5         9        10        34
         2         9        10        34        39
         2         4         9        33        34
         2         9        33        34        38
         2         9        34        38        39
         2         4         5        10        33
         2         4        10        11        33
         2        10        11        33        40
         2         5        10        33        34
         2        10        33        34        39
         2        10        33        39        40
         2         3         4        11        32
         2         3        11        12        32
         2        11        12        32        41
         2         4        11        32        33
         2        11        32        33        40
         2        11        32        40        41
         2         2         3        12        31
         2         2        12        13        31
         2        12        13        31        42
         2         3        12        31        32
         2        12        31        32        41
         2        12        31        41        42
         2         1         2        13        30
         2         1         6        13        30
         2         6        13        30        35
         2         2        13        30        31
         2        13        30        31        42
         2        13        30        35        42
         2         6         7        14        36
         2         7        14        15        36
         2        14        15        36        44
         2         6        14        35        36
         2        14        35        36        43
         2        14        36        43        44
         2         7         8        15        37
         2         8        15        16        37
         2        15        16        37        45
         2         7        15        36        37
         2        15        36        37        44
         2        15        37        44        45
         2         8         9        16        38
         2         9        16        17        38
         2        16        17        38        46
         2         8        16        37        38
         2        16        37        38        45
         2        16        38        45        46
         2         9        10        17        39
         2        10        17        18        39
         2        17        18        39        47
         2         9        17        38        39
         2        17        38        39        46
         2        17        39        46        47
         2        10        11        18        40
         2        11        18        19        40
         2        18        19        40        48
         2        10        18        39        40
         2        18        39        40        47
         2        18        40        47        48
         2        11        12        19        41
         2        12        19        20        41
         2        19        20        41        49
         2        11        19        40        41
         2        19        40        41        48
         2        19        41        48        49
         2        12        13        20        42
         2        13        20        21        42
         2        20        21        42        50
         2        12        20        41        42
         2        20        41        42        49
         2        20        42        49        50
         2         6        13        21        35
         2         6        14        21        35
         2        14        21        35        43
         2        13        21        35        42
         2        21        35        42        50
         2        21        35        43        50
         2        14        15        22        44
         2        15        22        23        44
         2        22        23        44        52
         2        14        22        43        44
         2        22        43        44        51
         2        22        44        51        52
         2        15        16        23        45
         2        16        23        24        45
         2        23        24        45        53
         2        15        23        44        45
         2        23        44        45        52
         2        23        45        52        53
         2        16        17        24        46
         2        17        24        25        46
         2        24        25        46        54
         2        16        24        45        46
         2        24        45        46        53
         2        24        46        53        54
         2        17        18        25        47
         2        18        25        26        47
         2        25        26        47        55
         2        17        25        46        47
         2        25        46        47        54
         2        25        47        54        55
         2        18        19        26        48
         2        19        26        27        48
         2        26        27        48        56
         2        18        26        47        48
         2        26        47        48        55
         2        26        48        55        56
         2        19        20        27        49
         2        20        27        28        49
         2        27        28        49        57
         2        19        27        48        49
         2        27        48        49        56
         2        27        49        56        57
         2        20        21        28        50
         2        21        28        29        50
         2        28        29        50        58
         2        20        28        49        50
         2        28        49        50        57
         2        28        50        57        58
         2        14        21        29        43
         2        14        22        29        43
         2        22        29        43        51
         2        21        29        43        50
         2        29        43        50        58
         2        29        43        51        58
         2        22        22        23        52
         2        22        23        29        52
         2        22        29        52        58
         2        22        22        51        52
         2        22        51        51        52
         2        22        51        52        58
         2        23        24        29        53
         2        24        28        29        53
         2        28        29        53        57
         2        23        29        52        53
         2        29        52        53        58
         2        29        53        57        58
         2        24        25        28        54
         2        25        27        28        54
         2        27        28        54        56
         2        24        28        53        54
         2        28        53        54        57
         2        28        54        56        57
         2        25        26        27        55
         2        26        26        27        55
         2        26        27        55        55
         2        25        27        54        55
         2        27        54        55        56
         2        27        55        55        56
         2        26        26        27        56
         2        25        26        27        56
         2        25        26        54        56
         2        26        26        55        56
         2        26        55        55        56
         2        26        54        55        56
         2        25        27        28        57
         2        24        25        28        57
         2        24        25        53        57
         2        25        27        56        57
         2        25        54        56        57
         2        25        53        54        57
         2        24        28        29        58
         2        23        24        29        58
         2        23        24        52        58
         2        24        28        57        58
         2        24        53        57        58
         2        24        52        53        58
         2        22        23        29        51
         2        22        22        23        51
         2        22        23        51        51
         2        23        29        51        58
         2        23        51        52        58
         2        23        51        51        52
         2        14        22        29        58
         2        14        21        29        58
         2        14        21        50        58
         2        14        22        51        58
         2        14        43        51        58
         2        14        43        50        58
         2        21        28        29        57
         2        20        21        28        57
         2        20        21        49        57
         2        21        29        57        58
         2        21        50        57        58
         2        21        49        50        57
         2        20        27        28        56
         2        19        20        27        56
         2        19        20        48        56
         2        20        28        56        57
         2        20        49        56        57
         2        20        48        49        56
         2        19        26        27        55
         2        18        19        26        55
         2        18        19        47        55
         2        19        27        55        56
         2        19        48        55        56
         2        19        47        48        55
         2        18        25        26        54
         2        17        18        25        54
         2        17        18        46        54
         2        18        26        54        55
         2        18        47        54        55
         2        18        46        47        54
         2        17        24        25        53
         2        16        17        24        53
         2        16        17        45        53
         2        17        25        53        54
         2        17        46        53        54
         2        17        45        46        53
         2        16        23        24        52
         2        15        16        23        52
         2        15        16        44        52
         2        16        24        52        53
         2        16        45        52        53
         2        16        44        45        52
         2        15        22        23        51
         2        14        15        22        51
         2        14        15        43        51
         2        15        23        51        52
         2        15        44        51        52
         2        15        43        44        51
         2         6        14        21        50
         2         6        13        21        50
         2         6        13        42        50
         2         6        14        43        50
         2         6        35        43        50
         2         6        35        42        50
         2        13        20        21        49
         2        12        13        20        49
         2        12        13        41        49
         2        13        21        49        50
         2        13        42        49        50
         2        13        41        42        49
         2        12        19        20        48
         2        11        12        19        48
         2        11        12        40        48
         2        12        20        48        49
         2        12        41        48        49
         2        12        40        41        48
         2        11        18        19        47
         2        10        11        18        47
         2        10        11        39        47
         2        11        19        47        48
         2        11        40        47        48
         2        11        39        40        47
         2        10        17        18        46
         2         9        10        17        46
         2         9        10        38        46
         2        10        18        46        47
         2        10        39        46        47
         2        10        38        39        46
         2         9        16        17        45
         2         8         9        16        45
         2         8         9        37        45
         2         9        17        45        46
         2         9        38        45        46
         2         9        37        38        45
         2         8        15        16        44
         2         7         8        15        44
         2         7         8        36        44
         2         8        16        44        45
         2         8        37        44        45
         2         8        36        37        44
         2         7        14        15        43
         2         6         7        14        43
         2         6         7        35        43
         2         7        15        43        44
         2         7        36        43        44
         2         7        35        36        43
         2         1         6        13        42
         2         1         2        13        42
         2         1         2        31        42
         2         1         6        35        42
         2         1        30        35        42
         2         1        30        31        42
         2         2        12        13        41
         2         2         3        12        41
         2         2         3        32        41
         2         2        13        41        42
         2         2        31        41        42
         2         2        31        32        41
         2         3        11        12        40
         2         3         4        11        40
         2         3         4        33        40
         2         3        12        40        41
         2         3        32        40        41
         2         3        32        33        40
         2         4        10        11        39
         2         4         5        10        39
         2         4         5        34        39
         2         4        11        39        40
         2         4        33        39        40
         2         4        33        34        39
         2         5         9        10        38
         2         4         5         9        38
         2         4         5        33        38
         2         5        10        38        39
         2         5        34        38        39
         2         5        33        34        38
         2         4         8         9        37
         2         3         4         8        37
         2         3         4        32        37
         2         4         9        37        38
         2         4        33        37        38
         2         4        32        33        37
         2         3         7         8        36
         2         2         3         7        36
         2         2         3        31        36
         2         3         8        36        37
         2         3        32        36        37
         2         3        31        32        36
         2         2         6         7        35
         2         1         2         6        35
         2         1         2        30        35
         2         2         7        35        36
         2         2        31        35        36
         2         2        30        31        35
         2        30        31        35        60
         2        31        35        36        60
         2        35        36        60        65
         2        30        35        59        60
         2        35        59        60        64
         2        35        60        64        65
         2        31        32        36        61
         2        32        36        37        61
         2        36        37        61        66
         2        31        36        60        61
         2        36        60        61        65
         2        36        61        65        66
         2        32        33        37        62
         2        33        37        38        62
         2        37        38        62        67
         2        32        37        61        62
         2        37        61        62        66
         2        37        62        66        67
         2        33        34        38        63
         2        34        38        39        63
         2        38        39        63        68
         2        33        38        62        63
         2        38        62        63        67
         2        38        63        67        68
         2        33        34        39        62
         2        33        39        40        62
         2        39        40        62        69
         2        34        39        62        63
         2        39        62        63        68
         2        39        62        68        69
         2        32        33        40        61
         2        32        40        41        61
         2        40        41        61        70
         2        33        40        61        62
         2        40        61        62        69
         2        40        61        69        70
         2        31        32        41        60
         2        31        41        42        60
         2        41        42        60        71
         2        32        41        60        61
         2        41        60        61        70
         2        41        60        70        71
         2        30        31        42        59
         2        30        35        42        59
         2        35        42        59        64
         2        31        42        59        60
         2        42        59        60        71
         2        42        59        64        71
         2        35        36        43        65
         2        36        43        44        65
         2        43        44        65        73
         2        35        43        64        65
         2        43        64        65        72
         2        43        65        72        73
         2        36        37        44        66
         2        37        44        45        66
         2        44        45        66        74
         2        36        44        65        66
         2        44        65        66        73
         2        44        66        73        74
         2        37        38        45        67
         2        38        45        46        67
         2        45        46        67        75
         2        37        45        66        67
         2        45        66        67        74
         2        45        67        74        75
         2        38        39        46        68
         2        39        46        47        68
         2        46        47        68        76
         2        38        46        67        68
         2        46        67        68        75
         2        46        68        75        76
         2        39        40        47        69
         2        40        47        48        69
         2        47        48        69        77
         2        39        47        68        69
         2        47        68        69        76
         2        47        69        76        77
         2        40        41        48        70
         2        41        48        49        70
         2        48        49        70        78
         2        40        48        69        70
         2        48        69        70        77
         2        48        70        77        78
         2        41        42        49        71
         2        42        49        50        71
         2        49        50        71        79
         2        41        49        70        71
         2        49        70        71        78
         2        49        71        78        79
         2        35        42        50        64
         2        35        43        50        64
         2        43        50        64        72
         2        42        50        64        71
         2        50        64        71        79
         2        50        64        72        79
         2        43        44        51        73
         2        44        51        52        73
         2        51        52        73        81
         2        43        51        72        73
         2        51        72        73        80
         2        51        73        80        81
         2        44        45        52        74
         2        45        52        53        74
         2        52        53        74        82
         2        44        52        73        74
         2        52        73        74        81
         2        52        74        81        82
         2        45        46        53        75
         2        46        53        54        75
         2        53        54        75        83
         2        45        53        74        75
         2        53        74        75        82
         2        53        75        82        83
         2        46        47        54        76
         2        47        54        55        76
         2        54        55        76        84
         2        46        54        75        76
         2        54        75        76        83
         2        54        76        83        84
         2        47        48        55        77
         2        48        55        56        77
         2        55        56        77        85
         2        47        55        76        77
         2        55        76        77        84
         2        55        77        84        85
         2        48        49        56        78
         2        49        56        57        78
         2        56        57        78        86
         2        48        56        77        78
         2        56        77        78        85
         2        56        78        85        86
         2        49        50        57        79
         2        50        57        58        79
         2        57        58        79        87
         2        49        57        78        79
         2        57        78        79        86
         2        57        79        86        87
         2        43        50        58        72
         2        43        51        58        72
         2        51        58        72        80
         2        50        58        72        79
         2        58        72        79        87
         2        58        72        80        87
         2        51        51        52        81
         2        51        52        58        81
         2        51        58        81        87
         2        51        51        80        81
         2        51        80        80        81
         2        51        80        81        87
         2        52        53        58        82
         2        53        57        58        82
         2        57        58        82        86
         2        52        58        81        82
         2        58        81        82        87
         2        58        82        86        87
         2        53        54        57        83
         2        54        56        57        83
         2        56        57        83        85
         2        53        57        82        83
         2        57        82        83        86
         2        57        83        85        86
         2        54        55        56        84
         2        55        55        56        84
         2        55        56        84        84
         2        54        56        83        84
         2        56        83        84        85
         2        56        84        84        85
         2        55        55        56        85
         2        54        55        56        85
         2        54        55        83        85
         2        55        55        84        85
         2        55        84        84        85
         2        55        83        84        85
         2        54        56        57        86
         2        53        54        57        86
         2        53        54        82        86
         2        54        56        85        86
         2        54        83        85        86
         2        54        82        83        86
         2        53        57        58        87
         2        52        53        58        87
         2        52        53        81        87
         2        53        57        86        87
         2        53        82        86        87
         2        53        81        82        87
         2        51        52        58        80
         2        51        51        52        80
         2        51        52        80        80
         2        52        58        80        87
         2        52        80        81        87
         2        52        80        80        81
         2        43        51        58        87
         2        43        50        58        87
         2        43        50        79        87
         2        43        51        80        87
         2        43        72        80        87
         2        43        72        79        87
         2        50        57        58        86
         2        49        50        57        86
         2        49        50        78        86
         2        50        58        86        87
         2        50        79        86        87
         2        50        78        79        86
         2        49        56        57        85
         2        48        49        56        85
         2        48        49        77        85
         2        49        57        85        86
         2        49        78        85        86
         2        49        77        78        85
         2        48        55        56        84
         2        47        48        55        84
         2        47        48        76        84
         2        48        56        84        85
         2        48        77        84        85
         2        48        76        77        84
         2        47        54        55        83
         2        46        47        54        83
         2        46        47        75        83
         2        47        55        83        84
         2        47        76        83        84
         2        47        75        76        83
         2        46        53        54        82
         2        45        46        53        82
         2        45        46        74        82
         2        46        54        82        83
         2        46        75        82        83
         2        46        74        75        82
         2        45        52        53        81
         2        44        45        52        81
         2        44        45        73        81
         2        45        53        81        82
         2        45        74        81        82
         2        45        73        74        81
         2        44        51        52        80
         2        43        44        51        80
         2        43        44        72        80
         2        44        52        80        81
         2        44        73        80        81
         2        44        72        73        80
         2        35        43        50        79
         2        35        42        50        79
         2        35        42        71        79
         2        35        43        72        79
         2        35        64        72        79
         2        35        64        71        79
         2        42        49        50        78
         2        41        42        49        78
         2        41        42        70        78
         2        42        50        78        79
         2        42        71        78        79
         2        42        70        71        78
         2        41        48        49        77
         2        40        41        48        77
         2        40        41        69        77
         2        41        49        77        78
         2        41        70        77        78
         2        41        69        70        77
         2        40        47        48        76
         2        39        40        47        76
         2        39        40        68        76
         2        40        48        76        77
         2        40        69        76        77
         2        40        68        69        76
         2        39        46        47        75
         2        38        39        46        75
         2        38        39        67        75
         2        39        47        75        76
         2        39        68        75        76
         2        39        67        68        75
         2        38        45        46        74
         2        37        38        45        74
         2        37        38        66        74
         2        38        46        74        75
         2        38        67        74        75
         2        38        66        67        74
         2        37        44        45        73
         2        36        37        44        73
         2        36        37        65        73
         2        37        45        73        74
         2        37        66        73        74
         2        37        65        66        73
         2        36        43        44        72
         2        35        36        43        72
         2        35        36        64        72
         2        36        44        72        73
         2        36        65        72        73
         2        36        64        65        72
         2        30        35        42        71
         2        30        31        42        71
         2        30        31        60        71
         2        30        35        64        71
         2        30        59        64        71
         2        30        59        60        71
         2        31        41        42        70
         2        31        32        41        70
         2        31        32        61        70
         2        31        42        70        71
         2        31        60        70        71
         2        31        60        61        70
         2        32        40        41        69
         2        32        33        40        69
         2        32        33        62        69
         2        32        41        69        70
         2        32        61        69        70
         2        32        61        62        69
         2        33        39        40        68
         2        33        34        39        68
         2        33        34        63        68
         2        33        40        68        69
         2        33        62        68        69
         2        33        62        63        68
         2        34        38        39        67
         2        33        34        38        67
         2        33        34        62        67
         2        34        39        67        68
         2        34        63        67        68
         2        34        62        63        67
         2        33        37        38        66
         2        32        33        37        66
         2        32        33        61        66
         2        33        38        66        67
         2        33        62        66        67
         2        33        61        62        66
         2        32        36        37        65
         2        31        32        36        65
         2        31        32        60        65
         2        32        37        65        66
         2        32        61        65        66
         2        32        60        61        65
         2        31        35        36        64
         2        30        31        35        64
         2        30        31        59        64
         2        31        36        64        65
         2        31        60        64        65
         2        31        59        60        64
         2        59        60        64        89
         2        60        64        65        89
         2        64        65        89        94
         2        59        64        88        89
         2        64        88        89        93
         2        64        89        93        94
         2        60        61        65        90
         2        61        65        66        90
         2        65        66        90        95
         2        60        65        89        90
         2        65        89        90        94
         2        65        90        94        95
         2        61        62        66        91
         2        62        66        67        91
         2        66        67        91        96
         2        61        66        90        91
         2        66        90        91        95
         2        66        91        95        96
         2        62        63        67        92
         2        63        67        68        92
         2        67        68        92        97
         2        62        67        91        92
         2        67        91        92        96
         2        67        92        96        97
         2        62        63        68        91
         2        62        68        69        91
         2        68        69        91        98
         2        63        68        91        92
         2        68        91        92        97
         2        68        91        97        98
         2        61        62        69        90
         2        61        69        70        90
         2        69        70        90        99
         2        62        69        90        91
         2        69        90        91        98
         2        69        90        98        99
         2        60        61        70        89
         2        60        70        71        89
         2        70        71        89       100
         2        61        70        89        90
         2        70        89        90        99
         2        70        89        99       100
         2        59        60        71        88
         2        59        64        71        88
         2        64        71        88        93
         2        60        71        88        89
         2        71        88        89       100
         2        71        88        93       100
         2        64        65        72        94
         2        65        72        73        94
         2        72        73        94       102
         2        64        72        93        94
         2        72        93        94       101
         2        72        94       101       102
         2        65        66        73        95
         2        66        73        74        95
         2        73        74        95       103
         2        65        73        94        95
         2        73        94        95       102
         2        73        95       102       103
         2        66        67        74        96
         2        67        74        75        96
         2        74        75        96       104
         2        66        74        95        96
         2        74        95        96       103
         2        74        96       103       104
         2        67        68        75        97
         2        68        75        76        97
         2        75        76        97       105
         2        67        75        96        97
         2        75        96        97       104
         2        75        97       104       105
         2        68        69        76        98
         2        69        76        77        98
         2        76        77        98       106
         2        68        76        97        98
         2        76        97        98       105
         2        76        98       105       106
         2        69        70        77        99
         2        70        77        78        99
         2        77        78        99       107
         2        69        77        98        99
         2        77        98        99       106
         2        77        99       106       107
         2        70        71        78       100
         2        71        78        79       100
         2        78        79       100       108
         2        70        78        99       100
         2        78        99       100       107
         2        78       100       107       108
         2        64        71        79        93
         2        64        72        79        93
         2        72        79        93       101
         2        71        79        93       100
         2        79        93       100       108
         2        79        93       101       108
         2        72        73        80       102
         2        73        80        81       102
         2        80        81       102       110
         2        72        80       101       102
         2        80       101       102       109
         2        80       102       109       110
         2        73        74        81       103
         2        74        81        82       103
         2        81        82       103       111
         2        73        81       102       103
         2        81       102       103       110
         2        81       103       110       111
         2        74        75        82       104
         2        75        82        83       104
         2        82        83       104       112
         2        74        82       103       104
         2        82       103       104       111
         2        82       104       111       112
         2        75        76        83       105
         2        76        83        84       105
         2        83        84       105       113
         2        75        83       104       105
         2        83       104       105       112
         2        83       105       112       113
         2        76        77        84       106
         2        77        84        85       106
         2        84        85       106       114
         2        76        84       105       106
         2        84       105       106       113
         2        84       106       113       114
         2        77        78        85       107
         2        78        85        86       107
         2        85        86       107       115
         2        77        85       106       107
         2        85       106       107       114
         2        85       107       114       115
         2        78        79        86       108
         2        79        86        87       108
         2        86        87       108       116
         2        78        86       107       108
         2        86       107       108       115
         2        86       108       115       116
         2        72        79        87       101
         2        72        80        87       101
         2        80        87       101       109
         2        79        87       101       108
         2        87       101       108       116
         2        87       101       109       116
         2        80        80        81       110
         2        80        81        87       110
         2        80        87       110       116
         2        80        80       109       110
         2        80       109       109       110
         2        80       109       110       116
         2        81        82        87       111
         2        82        86        87       111
         2        86        87       111       115
         2        81        87       110       111
         2        87       110       111       116
         2        87       111       115       116
         2        82        83        86       112
         2        83        85        86       112
         2        85        86       112       114
         2        82        86       111       112
         2        86       111       112       115
         2        86       112       114       115
         2        83        84        85       113
         2        84        84        85       113
         2        84        85       113       113
         2        83        85       112       113
         2        85       112       113       114
         2        85       113       113       114
         2        84        84        85       114
         2        83        84        85       114
         2        83        84       112       114
         2        84        84       113       114
         2        84       113       113       114
         2        84       112       113       114
         2        83        85        86       115
         2        82        83        86       115
         2        82        83       111       115
         2        83        85       114       115
         2        83       112       114       115
         2        83       111       112       115
         2        82        86        87       116
         2        81        82        87       116
         2        81        82       110       116
         2        82        86       115       116
         2        82       111       115       116
         2        82       110       111       116
         2        80        81        87       109
         2        80        80        81       109
         2        80        81       109       109
         2        81        87       109       116
         2        81       109       110       116
         2        81       109       109       110
         2        72        80        87       116
         2        72        79        87       116
         2        72        79       108       116
         2        72        80       109       116
         2        72       101       109       116
         2        72       101       108       116
         2        79        86        87       115
         2        78        79        86       115
         2        78        79       107       115
         2        79        87       115       116
         2        79       108       115       116
         2        79       107       108       115
         2        78        85        86       114
         2        77        78        85       114
         2        77        78       106       114
         2        78        86       114       115
         2        78       107       114       115
         2        78       106       107       114
         2        77        84        85       113
         2        76        77        84       113
         2        76        77       105       113
         2        77        85       113       114
         2        77       106       113       114
         2        77       105       106       113
         2        76        83        84       112
         2        75        76        83       112
         2        75        76       104       112
         2        76        84       112       113
         2        76       105       112       113
         2        76       104       105       112
         2        75        82        83       111
         2        74        75        82       111
         2        74        75       103       111
         2        75        83       111       112
         2        75       104       111       112
         2        75       103       104       111
         2        74        81        82       110
         2        73        74        81       110
         2        73        74       102       110
         2        74        82       110       111
         2        74       103       110       111
         2        74       102       103       110
         2        73        80        81       109
         2        72        73        80       109
         2        72        73       101       109
         2        73        81       109       110
         2        73       102       109       110
         2        73       101       102       109
         2        64        72        79       108
         2        64        71        79       108
         2        64        71       100       108
         2        64        72       101       108
         2        64        93       101       108
         2        64        93       100       108
         2        71        78        79       107
         2        70        71        78       107
         2        70        71        99       107
         2        71        79       107       108
         2        71       100       107       108
         2        71        99       100       107
         2        70        77        78       106
         2        69        70        77       106
         2        69        70        98       106
         2        70        78       106       107
         2        70        99       106       107
         2        70        98        99       106
         2        69        76        77       105
         2        68        69        76       105
         2        68        69        97       105
         2        69        77       105       106
         2        69        98       105       106
         2        69        97        98       105
         2        68        75        76       104
         2        67        68        75       104
         2        67        68        96       104
         2        68        76       104       105
         2        68        97       104       105
         2        68        96        97       104
         2        67        74        75       103
         2        66        67        74       103
         2        66        67        95       103
         2        67        75       103       104
         2        67        96       103       104
         2        67        95        96       103
         2        66        73        74       102
         2        65        66        73       102
         2        65        66        94       102
         2        66        74       102       103
         2        66        95       102       103
         2        66        94        95       102
         2        65        72        73       101
         2        64        65        72       101
         2        64        65        93       101
         2        65        73       101       102
         2        65        94       101       102
         2        65        93        94       101
         2        59        64        71       100
         2        59        60        71       100
         2        59        60        89       100
         2        59        64        93       100
         2        59        88        93       100
         2        59        88        89       100
         2        60        70        71        99
         2        60        61        70        99
         2        60        61        90        99
         2        60        71        99       100
         2        60        89        99       100
         2        60        89        90        99
         2        61        69        70        98
         2        61        62        69        98
         2        61        62        91        98
         2        61        70        98        99
         2        61        90        98        99
         2        61        90        91        98
         2        62        68        69        97
         2        62        63        68        97
         2        62        63        92        97
         2        62        69        97        98
         2        62        91        97        98
         2        62        91        92        97
         2        63        67        68        96
         2        62        63        67        96
         2        62        63        91        96
         2        63        68        96        97
         2        63        92        96        97
         2        63        91        92        96
         2        62        66        67        95
         2        61        62        66        95
         2        61        62        90        95
         2        62        67        95        96
         2        62        91        95        96
         2        62        90        91        95
         2        61        65        66        94
         2        60        61        65        94
         2        60        61        89        94
         2        61        66        94        95
         2        61        90        94        95
         2        61        89        90        94
         2        60        64        65        93
         2        59        60        64        93
         2        59        60        88        93
         2        60        65        93        94
         2        60        89        93        94
         2        60        88        89        93
         2        88        89        89        93
         2        89        89        93        94
         2        89        93        94        94
         2        88        88        89        93
         2        88        89        93        93
         2        89        93        93        94
         2        89        90        90        94
         2        90        90        94        95
         2        90        94        95        95
         2        89        89        90        94
         2        89        90        94        94
         2        90        94        94        95
         2        90        91        91        95
         2        91        91        95        96
         2        91        95        96        96
         2        90        90        91        95
         2        90        91        95        95
         2        91        95        95        96
         2        91        92        92        96
         2        92        92        96        97
         2        92        96        97        97
         2        91        91        92        96
         2        91        92        96        96
         2        92        96        96        97
         2        91        91        92        97
         2        91        91        97        98
         2        91        97        98        98
         2        91        92        92        97
         2        91        92        97        97
         2        91        97        97        98
         2        90        90        91        98
         2        90        90        98        99
         2        90        98        99        99
         2        90        91        91        98
         2        90        91        98        98
         2        90        98        98        99
         2        89        89        90        99
         2        89        89        99       100
         2        89        99       100       100
         2        89        90        90        99
         2        89        90        99        99
         2        89        99        99       100
         2        88        88        89       100
         2        88        88        93       100
         2        88        93        93       100
         2        88        89        89       100
         2        88        89       100       100
         2        88        93       100       100
         2        93        94        94       101
         2        94        94       101       102
         2        94       101       102       102
         2        93        93        94       101
         2        93        94       101       101
         2        94       101       101       102
         2        94        95        95       102
         2        95        95       102       103
         2        95       102       103       103
         2        94        94        95       102
         2        94        95       102       102
         2        95       102       102       103
         2        95        96        96       103
         2        96        96       103       104
         2        96       103       104       104
         2        95        95        96       103
         2        95        96       103       103
         2        96       103       103       104
         2        96        97        97       104
         2        97        97       104       105
         2        97       104       105       105
         2        96        96        97       104
         2        96        97       104       104
         2        97       104       104       105
         2        97        98        98       105
         2        98        98       105       106
         2        98       105       106       106
         2        97        97        98       105
         2        97        98       105       105
         2        98       105       105       106
         2        98        99        99       106
         2        99        99       106       107
         2        99       106       107       107
         2        98        98        99       106
         2        98        99       106       106
         2        99       106       106       107
         2        99       100       100       107
         2       100       100       107       108
         2       100       107       108       108
         2        99        99       100       107
         2        99       100       107       107
         2       100       107       107       108
         2        93        93       100       108
         2        93        93       101       108
         2        93       101       101       108
         2        93       100       100       108
         2        93       100       108       108
         2        93       101       108       108
         2       101       102       102       109
         2       102       102       109       110
         2       102       109       110       110
         2       101       101       102       109
         2       101       102       109       109
         2       102       109       109       110
         2       102       103       103       110
         2       103       103       110       111
         2       103       110       111       111
         2       102       102       103       110
         2       102       103       110       110
         2       103       110       110       111
         2       103       104       104       111
         2       104       104       111       112
         2       104       111       112       112
         2       103       103       104       111
         2       103       104       111       111
         2       104       111       111       112
         2       104       105       105       112
         2       105       105       112       113
         2       105       112       113       113
         2       104       104       105       112
         2       104       105       112       112
         2       105       112       112       113
         2       105       106       106       113
         2       106       106       113       114
         2       106       113       114       114
         2       105       105       106       113
         2       105       106       113       113
         2       106       113       113       114
         2       106       107       107       114
         2       107       107       114       115
         2       107       114       115       115
         2       106       106       107       114
         2       106       107       114       114
         2       107       114       114       115
         2       107       108       108       115
         2       108       108       115       116
         2       108       115       116       116
         2       107       107       108       115
         2       107       108       115       115
         2       108       115       115       116
         2       101       101       108       116
         2       101       101       109       116
         2       101       109       109       116
         2       101       108       108       116
         2       101       108       116       116
         2       101       109       116       116
         2       109       109       110       110
         2       109       110       110       116
         2       109       110       116       116
         4       109       109       109       110
         2       109       109       110       116
         2       110       111       111       116
         2       111       111       115       116
         2       111       115       115       116
         2       110       110       111       116
         2       110       111       116       116
         2       111       115       116       116
         2       111       112       112       115
         2       112       112       114       115
         2       112       114       114       115
         2       111       111       112       115
         2       111       112       115       115
         2       112       114       115       115
         2       112       113       113       114
         4       113       113       113       114
         2       112       112       113       114
         2       112       113       114       114
         2       113       113       114       114
