Automatically generated mesh
      70
Reciprocal lattice
    0.00000000000000    0.00000000000000    0.00000000000000             1
    0.10000000000000   -0.00000000000000    0.00000000000000             6
    0.20000000000000   -0.00000000000000    0.00000000000000             6
    0.30000000000000   -0.00000000000000    0.00000000000000             6
    0.40000000000000    0.00000000000000    0.00000000000000             6
    0.50000000000000    0.00000000000000    0.00000000000000             3
    0.10000000000000    0.10000000000000    0.00000000000000             6
    0.20000000000000    0.10000000000000    0.00000000000000            12
    0.30000000000000    0.10000000000000    0.00000000000000            12
    0.40000000000000    0.10000000000000    0.00000000000000            12
    0.20000000000000    0.20000000000000    0.00000000000000             6
    0.30000000000000    0.20000000000000    0.00000000000000            12
    0.40000000000000    0.20000000000000    0.00000000000000             6
    0.30000000000000    0.30000000000000    0.00000000000000             6
    0.00000000000000    0.00000000000000    0.12500000000000             2
    0.10000000000000   -0.00000000000000    0.12500000000000            12
    0.20000000000000   -0.00000000000000    0.12500000000000            12
    0.30000000000000   -0.00000000000000    0.12500000000000            12
    0.40000000000000    0.00000000000000    0.12500000000000            12
    0.50000000000000    0.00000000000000    0.12500000000000             6
    0.10000000000000    0.10000000000000    0.12500000000000            12
    0.20000000000000    0.10000000000000    0.12500000000000            24
    0.30000000000000    0.10000000000000    0.12500000000000            24
    0.40000000000000    0.10000000000000    0.12500000000000            24
    0.20000000000000    0.20000000000000    0.12500000000000            12
    0.30000000000000    0.20000000000000    0.12500000000000            24
    0.40000000000000    0.20000000000000    0.12500000000000            12
    0.30000000000000    0.30000000000000    0.12500000000000            12
    0.00000000000000    0.00000000000000    0.25000000000000             2
    0.10000000000000   -0.00000000000000    0.25000000000000            12
    0.20000000000000   -0.00000000000000    0.25000000000000            12
    0.30000000000000   -0.00000000000000    0.25000000000000            12
    0.40000000000000    0.00000000000000    0.25000000000000            12
    0.50000000000000    0.00000000000000    0.25000000000000             6
    0.10000000000000    0.10000000000000    0.25000000000000            12
    0.20000000000000    0.10000000000000    0.25000000000000            24
    0.30000000000000    0.10000000000000    0.25000000000000            24
    0.40000000000000    0.10000000000000    0.25000000000000            24
    0.20000000000000    0.20000000000000    0.25000000000000            12
    0.30000000000000    0.20000000000000    0.25000000000000            24
    0.40000000000000    0.20000000000000    0.25000000000000            12
    0.30000000000000    0.30000000000000    0.25000000000000            12
    0.00000000000000    0.00000000000000    0.37500000000000             2
    0.10000000000000   -0.00000000000000    0.37500000000000            12
    0.20000000000000   -0.00000000000000    0.37500000000000            12
    0.30000000000000   -0.00000000000000    0.37500000000000            12
    0.40000000000000    0.00000000000000    0.37500000000000            12
    0.50000000000000    0.00000000000000    0.37500000000000             6
    0.10000000000000    0.10000000000000    0.37500000000000            12
    0.20000000000000    0.10000000000000    0.37500000000000            24
    0.30000000000000    0.10000000000000    0.37500000000000            24
    0.40000000000000    0.10000000000000    0.37500000000000            24
    0.20000000000000    0.20000000000000    0.37500000000000            12
    0.30000000000000    0.20000000000000    0.37500000000000            24
    0.40000000000000    0.20000000000000    0.37500000000000            12
    0.30000000000000    0.30000000000000    0.37500000000000            12
    0.00000000000000    0.00000000000000    0.50000000000000             1
    0.10000000000000   -0.00000000000000    0.50000000000000             6
    0.20000000000000   -0.00000000000000    0.50000000000000             6
    0.30000000000000   -0.00000000000000    0.50000000000000             6
    0.40000000000000    0.00000000000000    0.50000000000000             6
    0.50000000000000    0.00000000000000    0.50000000000000             3
    0.10000000000000    0.10000000000000    0.50000000000000             6
    0.20000000000000    0.10000000000000    0.50000000000000            12
    0.30000000000000    0.10000000000000    0.50000000000000            12
    0.40000000000000    0.10000000000000    0.50000000000000            12
    0.20000000000000    0.20000000000000    0.50000000000000             6
    0.30000000000000    0.20000000000000    0.50000000000000            12
    0.40000000000000    0.20000000000000    0.50000000000000             6
    0.30000000000000    0.30000000000000    0.50000000000000             6
Tetrahedra
       840    0.00020833333333
         8         1         2         2        16
         8         2         2         7        16
         4         2         7        16        21
         4         1         2        15        16
         8         2        15        16        16
         8         2        16        16        21
         8         2         3         7        17
         8         3         7         8        17
         4         7         8        17        22
         4         2         7        16        17
         8         7        16        17        21
         8         7        17        21        22
         8         3         4         8        18
         8         4         8         9        18
         4         8         9        18        23
         4         3         8        17        18
         8         8        17        18        22
         8         8        18        22        23
         8         4         5         9        19
         8         5         9        10        19
         4         9        10        19        24
         4         4         9        18        19
         8         9        18        19        23
         8         9        19        23        24
         8         5         6        10        20
         4         6        10        10        20
         4        10        10        20        24
         4         5        10        19        20
         8        10        19        20        24
         8        10        20        24        24
         8         5         6        10        19
         4         9        10        19        23
         4         6        10        19        20
         8        10        19        23        24
         8         4         5         9        18
         4         8         9        18        22
         4         5         9        18        19
         8         9        18        22        23
         8         3         4         8        17
         4         7         8        17        21
         4         4         8        17        18
         8         8        17        21        22
         8         2         3         7        16
         4         2         7        16        16
         4         3         7        16        17
         4         7        16        16        21
         4         1         2         2        15
         4         2         2        15        16
         8         2         3         7        21
         8         3         7         8        21
         4         3         8        21        22
         4         2         3        16        21
         8         3        16        17        21
         8         3        17        21        22
         8         7         8         8        22
         8         8         8        11        22
         4         8        11        22        25
         4         7         8        21        22
         8         8        21        22        22
         8         8        22        22        25
         8         8         9        11        23
         8         9        11        12        23
         4        11        12        23        26
         4         8        11        22        23
         8        11        22        23        25
         8        11        23        25        26
         8         9        10        12        24
         8        10        12        13        24
         4        12        13        24        27
         4         9        12        23        24
         8        12        23        24        26
         8        12        24        26        27
         8        10        10        13        24
         4        12        13        24        26
         4        10        13        24        24
         4        13        24        24        27
         8        13        24        26        27
         8         9        10        12        23
         4        11        12        23        25
         4        10        12        23        24
         8        12        23        25        26
         8         8         9        11        22
         4         8        11        22        22
         4         9        11        22        23
         4        11        22        22        25
         4         7         8         8        21
         4         3         8        17        21
         4         8         8        21        22
         4         3         7        16        21
         8         3         4         8        22
         8         4         8         9        22
         4         4         9        22        23
         4         3         4        17        22
         8         4        17        18        22
         8         4        18        22        23
         8         8         9        11        25
         8         9        11        12        25
         4         9        12        25        26
         4         8         9        22        25
         8         9        22        23        25
         8         9        23        25        26
         8        11        12        12        26
         8        12        12        14        26
         4        12        14        26        28
         4        11        12        25        26
         8        12        25        26        26
         8        12        26        26        28
         8        12        13        14        27
         4        13        14        14        27
         4        14        14        27        28
         4        12        14        26        27
         8        14        26        27        28
         8        14        27        28        28
         8        12        13        14        26
         4        12        14        26        26
         4        13        14        26        27
         4        14        26        26        28
         4        11        12        12        25
         4         9        12        23        25
         4        12        12        25        26
         4         4         9        18        22
         4         9        11        22        25
         4         4         8        17        22
         8         4         5         9        23
         8         5         9        10        23
         4         5        10        23        24
         4         4         5        18        23
         8         5        18        19        23
         8         5        19        23        24
         8         9        10        12        26
         8        10        12        13        26
         4        10        13        26        27
         4         9        10        23        26
         8        10        23        24        26
         8        10        24        26        27
         8        12        13        14        28
         8        13        14        14        28
         4        13        14        28        28
         4        12        13        26        28
         8        13        26        27        28
         4        13        27        28        28
         4        14        14        14        28
         4        13        14        27        28
         4        14        14        28        28
         4        14        28        28        28
         4        10        13        24        26
         4        13        14        26        28
         4         5        10        19        23
         4        10        12        23        26
         4         5         9        18        23
         8         5         6        10        24
         8         6        10        10        24
         4         6        10        24        24
         4         5         6        19        24
         8         6        19        20        24
         4         6        20        24        24
         4        10        10        13        27
         8        10        12        13        27
         4        10        12        26        27
         4        10        10        24        27
         8        10        24        24        27
         4        12        12        14        28
         4        12        12        26        28
         4        12        13        27        28
         8        12        26        27        28
         4        10        12        24        27
         4        12        14        27        28
         4         6        10        20        24
         4        10        13        24        27
         4         6        10        19        24
         8         5         9        10        24
         4         5         9        23        24
         4         5         6        20        24
         8         5        19        20        24
         8         9        11        12        26
         4         9        11        25        26
         4         9        10        24        26
         8         9        23        24        26
         4         9        11        23        26
         4        11        12        26        26
         4        11        25        26        26
         4         5         9        19        24
         4         9        12        24        26
         4         5        10        20        24
         8         4         8         9        23
         4         4         8        22        23
         4         4         5        19        23
         8         4        18        19        23
         4         8         8        11        25
         4         8         8        22        25
         4         8         9        23        25
         8         8        22        23        25
         4         4         8        18        23
         4         8        11        23        25
         4         4         9        19        23
         8         3         7         8        22
         4         3         7        21        22
         4         3         4        18        22
         8         3        17        18        22
         4         3         7        17        22
         4         7         8        22        22
         4         7        21        22        22
         4         3         8        18        22
         4         2         2         7        21
         4         2         2        16        21
         4         2         3        17        21
         8         2        16        17        21
         4         2         7        17        21
         4         1         2        16        16
         4         1        15        16        16
         8        15        16        16        30
         8        16        16        21        30
         4        16        21        30        35
         4        15        16        29        30
         8        16        29        30        30
         8        16        30        30        35
         8        16        17        21        31
         8        17        21        22        31
         4        21        22        31        36
         4        16        21        30        31
         8        21        30        31        35
         8        21        31        35        36
         8        17        18        22        32
         8        18        22        23        32
         4        22        23        32        37
         4        17        22        31        32
         8        22        31        32        36
         8        22        32        36        37
         8        18        19        23        33
         8        19        23        24        33
         4        23        24        33        38
         4        18        23        32        33
         8        23        32        33        37
         8        23        33        37        38
         8        19        20        24        34
         4        20        24        24        34
         4        24        24        34        38
         4        19        24        33        34
         8        24        33        34        38
         8        24        34        38        38
         8        19        20        24        33
         4        23        24        33        37
         4        20        24        33        34
         8        24        33        37        38
         8        18        19        23        32
         4        22        23        32        36
         4        19        23        32        33
         8        23        32        36        37
         8        17        18        22        31
         4        21        22        31        35
         4        18        22        31        32
         8        22        31        35        36
         8        16        17        21        30
         4        16        21        30        30
         4        17        21        30        31
         4        21        30        30        35
         4        15        16        16        29
         4        16        16        29        30
         8        16        17        21        35
         8        17        21        22        35
         4        17        22        35        36
         4        16        17        30        35
         8        17        30        31        35
         8        17        31        35        36
         8        21        22        22        36
         8        22        22        25        36
         4        22        25        36        39
         4        21        22        35        36
         8        22        35        36        36
         8        22        36        36        39
         8        22        23        25        37
         8        23        25        26        37
         4        25        26        37        40
         4        22        25        36        37
         8        25        36        37        39
         8        25        37        39        40
         8        23        24        26        38
         8        24        26        27        38
         4        26        27        38        41
         4        23        26        37        38
         8        26        37        38        40
         8        26        38        40        41
         8        24        24        27        38
         4        26        27        38        40
         4        24        27        38        38
         4        27        38        38        41
         8        27        38        40        41
         8        23        24        26        37
         4        25        26        37        39
         4        24        26        37        38
         8        26        37        39        40
         8        22        23        25        36
         4        22        25        36        36
         4        23        25        36        37
         4        25        36        36        39
         4        21        22        22        35
         4        17        22        31        35
         4        22        22        35        36
         4        17        21        30        35
         8        17        18        22        36
         8        18        22        23        36
         4        18        23        36        37
         4        17        18        31        36
         8        18        31        32        36
         8        18        32        36        37
         8        22        23        25        39
         8        23        25        26        39
         4        23        26        39        40
         4        22        23        36        39
         8        23        36        37        39
         8        23        37        39        40
         8        25        26        26        40
         8        26        26        28        40
         4        26        28        40        42
         4        25        26        39        40
         8        26        39        40        40
         8        26        40        40        42
         8        26        27        28        41
         4        27        28        28        41
         4        28        28        41        42
         4        26        28        40        41
         8        28        40        41        42
         8        28        41        42        42
         8        26        27        28        40
         4        26        28        40        40
         4        27        28        40        41
         4        28        40        40        42
         4        25        26        26        39
         4        23        26        37        39
         4        26        26        39        40
         4        18        23        32        36
         4        23        25        36        39
         4        18        22        31        36
         8        18        19        23        37
         8        19        23        24        37
         4        19        24        37        38
         4        18        19        32        37
         8        19        32        33        37
         8        19        33        37        38
         8        23        24        26        40
         8        24        26        27        40
         4        24        27        40        41
         4        23        24        37        40
         8        24        37        38        40
         8        24        38        40        41
         8        26        27        28        42
         8        27        28        28        42
         4        27        28        42        42
         4        26        27        40        42
         8        27        40        41        42
         4        27        41        42        42
         4        28        28        28        42
         4        27        28        41        42
         4        28        28        42        42
         4        28        42        42        42
         4        24        27        38        40
         4        27        28        40        42
         4        19        24        33        37
         4        24        26        37        40
         4        19        23        32        37
         8        19        20        24        38
         8        20        24        24        38
         4        20        24        38        38
         4        19        20        33        38
         8        20        33        34        38
         4        20        34        38        38
         4        24        24        27        41
         8        24        26        27        41
         4        24        26        40        41
         4        24        24        38        41
         8        24        38        38        41
         4        26        26        28        42
         4        26        26        40        42
         4        26        27        41        42
         8        26        40        41        42
         4        24        26        38        41
         4        26        28        41        42
         4        20        24        34        38
         4        24        27        38        41
         4        20        24        33        38
         8        19        23        24        38
         4        19        23        37        38
         4        19        20        34        38
         8        19        33        34        38
         8        23        25        26        40
         4        23        25        39        40
         4        23        24        38        40
         8        23        37        38        40
         4        23        25        37        40
         4        25        26        40        40
         4        25        39        40        40
         4        19        23        33        38
         4        23        26        38        40
         4        19        24        34        38
         8        18        22        23        37
         4        18        22        36        37
         4        18        19        33        37
         8        18        32        33        37
         4        22        22        25        39
         4        22        22        36        39
         4        22        23        37        39
         8        22        36        37        39
         4        18        22        32        37
         4        22        25        37        39
         4        18        23        33        37
         8        17        21        22        36
         4        17        21        35        36
         4        17        18        32        36
         8        17        31        32        36
         4        17        21        31        36
         4        21        22        36        36
         4        21        35        36        36
         4        17        22        32        36
         4        16        16        21        35
         4        16        16        30        35
         4        16        17        31        35
         8        16        30        31        35
         4        16        21        31        35
         4        15        16        30        30
         4        15        29        30        30
         8        29        30        30        44
         8        30        30        35        44
         4        30        35        44        49
         4        29        30        43        44
         8        30        43        44        44
         8        30        44        44        49
         8        30        31        35        45
         8        31        35        36        45
         4        35        36        45        50
         4        30        35        44        45
         8        35        44        45        49
         8        35        45        49        50
         8        31        32        36        46
         8        32        36        37        46
         4        36        37        46        51
         4        31        36        45        46
         8        36        45        46        50
         8        36        46        50        51
         8        32        33        37        47
         8        33        37        38        47
         4        37        38        47        52
         4        32        37        46        47
         8        37        46        47        51
         8        37        47        51        52
         8        33        34        38        48
         4        34        38        38        48
         4        38        38        48        52
         4        33        38        47        48
         8        38        47        48        52
         8        38        48        52        52
         8        33        34        38        47
         4        37        38        47        51
         4        34        38        47        48
         8        38        47        51        52
         8        32        33        37        46
         4        36        37        46        50
         4        33        37        46        47
         8        37        46        50        51
         8        31        32        36        45
         4        35        36        45        49
         4        32        36        45        46
         8        36        45        49        50
         8        30        31        35        44
         4        30        35        44        44
         4        31        35        44        45
         4        35        44        44        49
         4        29        30        30        43
         4        30        30        43        44
         8        30        31        35        49
         8        31        35        36        49
         4        31        36        49        50
         4        30        31        44        49
         8        31        44        45        49
         8        31        45        49        50
         8        35        36        36        50
         8        36        36        39        50
         4        36        39        50        53
         4        35        36        49        50
         8        36        49        50        50
         8        36        50        50        53
         8        36        37        39        51
         8        37        39        40        51
         4        39        40        51        54
         4        36        39        50        51
         8        39        50        51        53
         8        39        51        53        54
         8        37        38        40        52
         8        38        40        41        52
         4        40        41        52        55
         4        37        40        51        52
         8        40        51        52        54
         8        40        52        54        55
         8        38        38        41        52
         4        40        41        52        54
         4        38        41        52        52
         4        41        52        52        55
         8        41        52        54        55
         8        37        38        40        51
         4        39        40        51        53
         4        38        40        51        52
         8        40        51        53        54
         8        36        37        39        50
         4        36        39        50        50
         4        37        39        50        51
         4        39        50        50        53
         4        35        36        36        49
         4        31        36        45        49
         4        36        36        49        50
         4        31        35        44        49
         8        31        32        36        50
         8        32        36        37        50
         4        32        37        50        51
         4        31        32        45        50
         8        32        45        46        50
         8        32        46        50        51
         8        36        37        39        53
         8        37        39        40        53
         4        37        40        53        54
         4        36        37        50        53
         8        37        50        51        53
         8        37        51        53        54
         8        39        40        40        54
         8        40        40        42        54
         4        40        42        54        56
         4        39        40        53        54
         8        40        53        54        54
         8        40        54        54        56
         8        40        41        42        55
         4        41        42        42        55
         4        42        42        55        56
         4        40        42        54        55
         8        42        54        55        56
         8        42        55        56        56
         8        40        41        42        54
         4        40        42        54        54
         4        41        42        54        55
         4        42        54        54        56
         4        39        40        40        53
         4        37        40        51        53
         4        40        40        53        54
         4        32        37        46        50
         4        37        39        50        53
         4        32        36        45        50
         8        32        33        37        51
         8        33        37        38        51
         4        33        38        51        52
         4        32        33        46        51
         8        33        46        47        51
         8        33        47        51        52
         8        37        38        40        54
         8        38        40        41        54
         4        38        41        54        55
         4        37        38        51        54
         8        38        51        52        54
         8        38        52        54        55
         8        40        41        42        56
         8        41        42        42        56
         4        41        42        56        56
         4        40        41        54        56
         8        41        54        55        56
         4        41        55        56        56
         4        42        42        42        56
         4        41        42        55        56
         4        42        42        56        56
         4        42        56        56        56
         4        38        41        52        54
         4        41        42        54        56
         4        33        38        47        51
         4        38        40        51        54
         4        33        37        46        51
         8        33        34        38        52
         8        34        38        38        52
         4        34        38        52        52
         4        33        34        47        52
         8        34        47        48        52
         4        34        48        52        52
         4        38        38        41        55
         8        38        40        41        55
         4        38        40        54        55
         4        38        38        52        55
         8        38        52        52        55
         4        40        40        42        56
         4        40        40        54        56
         4        40        41        55        56
         8        40        54        55        56
         4        38        40        52        55
         4        40        42        55        56
         4        34        38        48        52
         4        38        41        52        55
         4        34        38        47        52
         8        33        37        38        52
         4        33        37        51        52
         4        33        34        48        52
         8        33        47        48        52
         8        37        39        40        54
         4        37        39        53        54
         4        37        38        52        54
         8        37        51        52        54
         4        37        39        51        54
         4        39        40        54        54
         4        39        53        54        54
         4        33        37        47        52
         4        37        40        52        54
         4        33        38        48        52
         8        32        36        37        51
         4        32        36        50        51
         4        32        33        47        51
         8        32        46        47        51
         4        36        36        39        53
         4        36        36        50        53
         4        36        37        51        53
         8        36        50        51        53
         4        32        36        46        51
         4        36        39        51        53
         4        32        37        47        51
         8        31        35        36        50
         4        31        35        49        50
         4        31        32        46        50
         8        31        45        46        50
         4        31        35        45        50
         4        35        36        50        50
         4        35        49        50        50
         4        31        36        46        50
         4        30        30        35        49
         4        30        30        44        49
         4        30        31        45        49
         8        30        44        45        49
         4        30        35        45        49
         4        29        30        44        44
         4        29        43        44        44
         8        43        44        44        58
         8        44        44        49        58
         4        44        49        58        63
         4        43        44        57        58
         8        44        57        58        58
         8        44        58        58        63
         8        44        45        49        59
         8        45        49        50        59
         4        49        50        59        64
         4        44        49        58        59
         8        49        58        59        63
         8        49        59        63        64
         8        45        46        50        60
         8        46        50        51        60
         4        50        51        60        65
         4        45        50        59        60
         8        50        59        60        64
         8        50        60        64        65
         8        46        47        51        61
         8        47        51        52        61
         4        51        52        61        66
         4        46        51        60        61
         8        51        60        61        65
         8        51        61        65        66
         8        47        48        52        62
         4        48        52        52        62
         4        52        52        62        66
         4        47        52        61        62
         8        52        61        62        66
         8        52        62        66        66
         8        47        48        52        61
         4        51        52        61        65
         4        48        52        61        62
         8        52        61        65        66
         8        46        47        51        60
         4        50        51        60        64
         4        47        51        60        61
         8        51        60        64        65
         8        45        46        50        59
         4        49        50        59        63
         4        46        50        59        60
         8        50        59        63        64
         8        44        45        49        58
         4        44        49        58        58
         4        45        49        58        59
         4        49        58        58        63
         4        43        44        44        57
         4        44        44        57        58
         8        44        45        49        63
         8        45        49        50        63
         4        45        50        63        64
         4        44        45        58        63
         8        45        58        59        63
         8        45        59        63        64
         8        49        50        50        64
         8        50        50        53        64
         4        50        53        64        67
         4        49        50        63        64
         8        50        63        64        64
         8        50        64        64        67
         8        50        51        53        65
         8        51        53        54        65
         4        53        54        65        68
         4        50        53        64        65
         8        53        64        65        67
         8        53        65        67        68
         8        51        52        54        66
         8        52        54        55        66
         4        54        55        66        69
         4        51        54        65        66
         8        54        65        66        68
         8        54        66        68        69
         8        52        52        55        66
         4        54        55        66        68
         4        52        55        66        66
         4        55        66        66        69
         8        55        66        68        69
         8        51        52        54        65
         4        53        54        65        67
         4        52        54        65        66
         8        54        65        67        68
         8        50        51        53        64
         4        50        53        64        64
         4        51        53        64        65
         4        53        64        64        67
         4        49        50        50        63
         4        45        50        59        63
         4        50        50        63        64
         4        45        49        58        63
         8        45        46        50        64
         8        46        50        51        64
         4        46        51        64        65
         4        45        46        59        64
         8        46        59        60        64
         8        46        60        64        65
         8        50        51        53        67
         8        51        53        54        67
         4        51        54        67        68
         4        50        51        64        67
         8        51        64        65        67
         8        51        65        67        68
         8        53        54        54        68
         8        54        54        56        68
         4        54        56        68        70
         4        53        54        67        68
         8        54        67        68        68
         8        54        68        68        70
         8        54        55        56        69
         4        55        56        56        69
         4        56        56        69        70
         4        54        56        68        69
         8        56        68        69        70
         8        56        69        70        70
         8        54        55        56        68
         4        54        56        68        68
         4        55        56        68        69
         4        56        68        68        70
         4        53        54        54        67
         4        51        54        65        67
         4        54        54        67        68
         4        46        51        60        64
         4        51        53        64        67
         4        46        50        59        64
         8        46        47        51        65
         8        47        51        52        65
         4        47        52        65        66
         4        46        47        60        65
         8        47        60        61        65
         8        47        61        65        66
         8        51        52        54        68
         8        52        54        55        68
         4        52        55        68        69
         4        51        52        65        68
         8        52        65        66        68
         8        52        66        68        69
         8        54        55        56        70
         8        55        56        56        70
         4        55        56        70        70
         4        54        55        68        70
         8        55        68        69        70
         4        55        69        70        70
         4        56        56        56        70
         4        55        56        69        70
         4        56        56        70        70
         4        56        70        70        70
         4        52        55        66        68
         4        55        56        68        70
         4        47        52        61        65
         4        52        54        65        68
         4        47        51        60        65
         8        47        48        52        66
         8        48        52        52        66
         4        48        52        66        66
         4        47        48        61        66
         8        48        61        62        66
         4        48        62        66        66
         4        52        52        55        69
         8        52        54        55        69
         4        52        54        68        69
         4        52        52        66        69
         8        52        66        66        69
         4        54        54        56        70
         4        54        54        68        70
         4        54        55        69        70
         8        54        68        69        70
         4        52        54        66        69
         4        54        56        69        70
         4        48        52        62        66
         4        52        55        66        69
         4        48        52        61        66
         8        47        51        52        66
         4        47        51        65        66
         4        47        48        62        66
         8        47        61        62        66
         8        51        53        54        68
         4        51        53        67        68
         4        51        52        66        68
         8        51        65        66        68
         4        51        53        65        68
         4        53        54        68        68
         4        53        67        68        68
         4        47        51        61        66
         4        51        54        66        68
         4        47        52        62        66
         8        46        50        51        65
         4        46        50        64        65
         4        46        47        61        65
         8        46        60        61        65
         4        50        50        53        67
         4        50        50        64        67
         4        50        51        65        67
         8        50        64        65        67
         4        46        50        60        65
         4        50        53        65        67
         4        46        51        61        65
         8        45        49        50        64
         4        45        49        63        64
         4        45        46        60        64
         8        45        59        60        64
         4        45        49        59        64
         4        49        50        64        64
         4        49        63        64        64
         4        45        50        60        64
         4        44        44        49        63
         4        44        44        58        63
         4        44        45        59        63
         8        44        58        59        63
         4        44        49        59        63
         4        43        44        58        58
         4        43        57        58        58
