Automatically generated mesh
     123
Reciprocal lattice
    0.00000000000000    0.00000000000000    0.00000000000000             1
    0.11111111111111   -0.00000000000000    0.00000000000000             2
    0.22222222222222    0.00000000000000    0.00000000000000             2
    0.33333333333334    0.00000000000000    0.00000000000000             2
    0.44444444444444    0.00000000000000    0.00000000000000             2
   -0.00000000000000    0.11111111111111    0.00000000000000             2
    0.11111111111111    0.11111111111111    0.00000000000000             2
    0.22222222222222    0.11111111111111    0.00000000000000             2
    0.33333333333334    0.11111111111111    0.00000000000000             2
    0.44444444444444    0.11111111111111    0.00000000000000             2
   -0.44444444444444    0.11111111111111    0.00000000000000             2
   -0.33333333333334    0.11111111111111    0.00000000000000             2
   -0.22222222222222    0.11111111111111    0.00000000000000             2
   -0.11111111111111    0.11111111111111    0.00000000000000             2
   -0.00000000000000    0.22222222222222    0.00000000000000             2
    0.11111111111111    0.22222222222222    0.00000000000000             2
    0.22222222222222    0.22222222222222    0.00000000000000             2
    0.33333333333334    0.22222222222222    0.00000000000000             2
    0.44444444444444    0.22222222222222    0.00000000000000             2
   -0.44444444444444    0.22222222222222    0.00000000000000             2
   -0.33333333333334    0.22222222222222    0.00000000000000             2
   -0.22222222222222    0.22222222222222    0.00000000000000             2
   -0.11111111111111    0.22222222222222    0.00000000000000             2
   -0.00000000000000    0.33333333333334    0.00000000000000             2
    0.11111111111111    0.33333333333334    0.00000000000000             2
    0.22222222222222    0.33333333333334    0.00000000000000             2
    0.33333333333334    0.33333333333334    0.00000000000000             2
    0.44444444444444    0.33333333333334    0.00000000000000             2
   -0.44444444444444    0.33333333333334    0.00000000000000             2
   -0.33333333333334    0.33333333333334    0.00000000000000             2
   -0.22222222222222    0.33333333333334    0.00000000000000             2
   -0.11111111111111    0.33333333333334    0.00000000000000             2
   -0.00000000000000    0.44444444444444    0.00000000000000             2
    0.11111111111111    0.44444444444444    0.00000000000000             2
    0.22222222222222    0.44444444444444    0.00000000000000             2
    0.33333333333334    0.44444444444444    0.00000000000000             2
    0.44444444444444    0.44444444444444    0.00000000000000             2
   -0.44444444444444    0.44444444444444    0.00000000000000             2
   -0.33333333333334    0.44444444444444    0.00000000000000             2
   -0.22222222222222    0.44444444444444    0.00000000000000             2
   -0.11111111111111    0.44444444444444    0.00000000000000             2
    0.00000000000000    0.00000000000000    0.25000000000000             2
    0.11111111111111   -0.00000000000000    0.25000000000000             4
    0.22222222222222    0.00000000000000    0.25000000000000             4
    0.33333333333334    0.00000000000000    0.25000000000000             4
    0.44444444444444    0.00000000000000    0.25000000000000             4
   -0.00000000000000    0.11111111111111    0.25000000000000             4
    0.11111111111111    0.11111111111111    0.25000000000000             4
    0.22222222222222    0.11111111111111    0.25000000000000             4
    0.33333333333334    0.11111111111111    0.25000000000000             4
    0.44444444444444    0.11111111111111    0.25000000000000             4
   -0.44444444444444    0.11111111111111    0.25000000000000             4
   -0.33333333333334    0.11111111111111    0.25000000000000             4
   -0.22222222222222    0.11111111111111    0.25000000000000             4
   -0.11111111111111    0.11111111111111    0.25000000000000             4
   -0.00000000000000    0.22222222222222    0.25000000000000             4
    0.11111111111111    0.22222222222222    0.25000000000000             4
    0.22222222222222    0.22222222222222    0.25000000000000             4
    0.33333333333334    0.22222222222222    0.25000000000000             4
    0.44444444444444    0.22222222222222    0.25000000000000             4
   -0.44444444444444    0.22222222222222    0.25000000000000             4
   -0.33333333333334    0.22222222222222    0.25000000000000             4
   -0.22222222222222    0.22222222222222    0.25000000000000             4
   -0.11111111111111    0.22222222222222    0.25000000000000             4
   -0.00000000000000    0.33333333333334    0.25000000000000             4
    0.11111111111111    0.33333333333334    0.25000000000000             4
    0.22222222222222    0.33333333333334    0.25000000000000             4
    0.33333333333334    0.33333333333334    0.25000000000000             4
    0.44444444444444    0.33333333333334    0.25000000000000             4
   -0.44444444444444    0.33333333333334    0.25000000000000             4
   -0.33333333333334    0.33333333333334    0.25000000000000             4
   -0.22222222222222    0.33333333333334    0.25000000000000             4
   -0.11111111111111    0.33333333333334    0.25000000000000             4
   -0.00000000000000    0.44444444444444    0.25000000000000             4
    0.11111111111111    0.44444444444444    0.25000000000000             4
    0.22222222222222    0.44444444444444    0.25000000000000             4
    0.33333333333334    0.44444444444444    0.25000000000000             4
    0.44444444444444    0.44444444444444    0.25000000000000             4
   -0.44444444444444    0.44444444444444    0.25000000000000             4
   -0.33333333333334    0.44444444444444    0.25000000000000             4
   -0.22222222222222    0.44444444444444    0.25000000000000             4
   -0.11111111111111    0.44444444444444    0.25000000000000             4
    0.00000000000000    0.00000000000000    0.50000000000000             1
    0.11111111111111   -0.00000000000000    0.50000000000000             2
    0.22222222222222    0.00000000000000    0.50000000000000             2
    0.33333333333334    0.00000000000000    0.50000000000000             2
    0.44444444444444    0.00000000000000    0.50000000000000             2
   -0.00000000000000    0.11111111111111    0.50000000000000             2
    0.11111111111111    0.11111111111111    0.50000000000000             2
    0.22222222222222    0.11111111111111    0.50000000000000             2
    0.33333333333334    0.11111111111111    0.50000000000000             2
    0.44444444444444    0.11111111111111    0.50000000000000             2
   -0.44444444444444    0.11111111111111    0.50000000000000             2
   -0.33333333333334    0.11111111111111    0.50000000000000             2
   -0.22222222222222    0.11111111111111    0.50000000000000             2
   -0.11111111111111    0.11111111111111    0.50000000000000             2
   -0.00000000000000    0.22222222222222    0.50000000000000             2
    0.11111111111111    0.22222222222222    0.50000000000000             2
    0.22222222222222    0.22222222222222    0.50000000000000             2
    0.33333333333334    0.22222222222222    0.50000000000000             2
    0.44444444444444    0.22222222222222    0.50000000000000             2
   -0.44444444444444    0.22222222222222    0.50000000000000             2
   -0.33333333333334    0.22222222222222    0.50000000000000             2
   -0.22222222222222    0.22222222222222    0.50000000000000             2
   -0.11111111111111    0.22222222222222    0.50000000000000             2
   -0.00000000000000    0.33333333333334    0.50000000000000             2
    0.11111111111111    0.33333333333334    0.50000000000000             2
    0.22222222222222    0.33333333333334    0.50000000000000             2
    0.33333333333334    0.33333333333334    0.50000000000000             2
    0.44444444444444    0.33333333333334    0.50000000000000             2
   -0.44444444444444    0.33333333333334    0.50000000000000             2
   -0.33333333333334    0.33333333333334    0.50000000000000             2
   -0.22222222222222    0.33333333333334    0.50000000000000             2
   -0.11111111111111    0.33333333333334    0.50000000000000             2
   -0.00000000000000    0.44444444444444    0.50000000000000             2
    0.11111111111111    0.44444444444444    0.50000000000000             2
    0.22222222222222    0.44444444444444    0.50000000000000             2
    0.33333333333334    0.44444444444444    0.50000000000000             2
    0.44444444444444    0.44444444444444    0.50000000000000             2
   -0.44444444444444    0.44444444444444    0.50000000000000             2
   -0.33333333333334    0.44444444444444    0.50000000000000             2
   -0.22222222222222    0.44444444444444    0.50000000000000             2
   -0.11111111111111    0.44444444444444    0.50000000000000             2
Tetrahedra
       966    0.00051440329218
         2         2         6         7        47
         2         1         2         6        47
         2         1         2        42        47
         2         2         7        47        48
         2         2        43        47        48
         2         2        42        43        47
         2         3         7         8        48
         2         2         3         7        48
         2         2         3        43        48
         2         3         8        48        49
         2         3        44        48        49
         2         3        43        44        48
         2         4         8         9        49
         2         3         4         8        49
         2         3         4        44        49
         2         4         9        49        50
         2         4        45        49        50
         2         4        44        45        49
         2         5         9        10        50
         2         4         5         9        50
         2         4         5        45        50
         2         5        10        50        51
         2         5        46        50        51
         2         5        45        46        50
         2         5        10        11        51
         2         5         5        10        51
         2         5         5        46        51
         2         5        11        51        52
         2         5        46        51        52
         2         5        46        46        51
         2         4        11        12        52
         2         4         5        11        52
         2         4         5        46        52
         2         4        12        52        53
         2         4        45        52        53
         2         4        45        46        52
         2         3        12        13        53
         2         3         4        12        53
         2         3         4        45        53
         2         3        13        53        54
         2         3        44        53        54
         2         3        44        45        53
         2         2        13        14        54
         2         2         3        13        54
         2         2         3        44        54
         2         2        14        54        55
         2         2        43        54        55
         2         2        43        44        54
         2         1         6        14        55
         2         1         2        14        55
         2         1         2        43        55
         2         1         6        47        55
         2         1        42        47        55
         2         1        42        43        55
         2         7        15        16        56
         2         6         7        15        56
         2         6         7        47        56
         2         7        16        56        57
         2         7        48        56        57
         2         7        47        48        56
         2         8        16        17        57
         2         7         8        16        57
         2         7         8        48        57
         2         8        17        57        58
         2         8        49        57        58
         2         8        48        49        57
         2         9        17        18        58
         2         8         9        17        58
         2         8         9        49        58
         2         9        18        58        59
         2         9        50        58        59
         2         9        49        50        58
         2        10        18        19        59
         2         9        10        18        59
         2         9        10        50        59
         2        10        19        59        60
         2        10        51        59        60
         2        10        50        51        59
         2        11        19        20        60
         2        10        11        19        60
         2        10        11        51        60
         2        11        20        60        61
         2        11        52        60        61
         2        11        51        52        60
         2        12        20        21        61
         2        11        12        20        61
         2        11        12        52        61
         2        12        21        61        62
         2        12        53        61        62
         2        12        52        53        61
         2        13        21        22        62
         2        12        13        21        62
         2        12        13        53        62
         2        13        22        62        63
         2        13        54        62        63
         2        13        53        54        62
         2        14        22        23        63
         2        13        14        22        63
         2        13        14        54        63
         2        14        23        63        64
         2        14        55        63        64
         2        14        54        55        63
         2         6        15        23        64
         2         6        14        23        64
         2         6        14        55        64
         2         6        15        56        64
         2         6        47        56        64
         2         6        47        55        64
         2        16        24        25        65
         2        15        16        24        65
         2        15        16        56        65
         2        16        25        65        66
         2        16        57        65        66
         2        16        56        57        65
         2        17        25        26        66
         2        16        17        25        66
         2        16        17        57        66
         2        17        26        66        67
         2        17        58        66        67
         2        17        57        58        66
         2        18        26        27        67
         2        17        18        26        67
         2        17        18        58        67
         2        18        27        67        68
         2        18        59        67        68
         2        18        58        59        67
         2        19        27        28        68
         2        18        19        27        68
         2        18        19        59        68
         2        19        28        68        69
         2        19        60        68        69
         2        19        59        60        68
         2        20        28        29        69
         2        19        20        28        69
         2        19        20        60        69
         2        20        29        69        70
         2        20        61        69        70
         2        20        60        61        69
         2        21        29        30        70
         2        20        21        29        70
         2        20        21        61        70
         2        21        30        70        71
         2        21        62        70        71
         2        21        61        62        70
         2        22        30        31        71
         2        21        22        30        71
         2        21        22        62        71
         2        22        31        71        72
         2        22        63        71        72
         2        22        62        63        71
         2        23        31        32        72
         2        22        23        31        72
         2        22        23        63        72
         2        23        32        72        73
         2        23        64        72        73
         2        23        63        64        72
         2        15        24        32        73
         2        15        23        32        73
         2        15        23        64        73
         2        15        24        65        73
         2        15        56        65        73
         2        15        56        64        73
         2        25        33        34        74
         2        24        25        33        74
         2        24        25        65        74
         2        25        34        74        75
         2        25        66        74        75
         2        25        65        66        74
         2        26        34        35        75
         2        25        26        34        75
         2        25        26        66        75
         2        26        35        75        76
         2        26        67        75        76
         2        26        66        67        75
         2        27        35        36        76
         2        26        27        35        76
         2        26        27        67        76
         2        27        36        76        77
         2        27        68        76        77
         2        27        67        68        76
         2        28        36        37        77
         2        27        28        36        77
         2        27        28        68        77
         2        28        37        77        78
         2        28        69        77        78
         2        28        68        69        77
         2        29        37        38        78
         2        28        29        37        78
         2        28        29        69        78
         2        29        38        78        79
         2        29        70        78        79
         2        29        69        70        78
         2        30        38        39        79
         2        29        30        38        79
         2        29        30        70        79
         2        30        39        79        80
         2        30        71        79        80
         2        30        70        71        79
         2        31        39        40        80
         2        30        31        39        80
         2        30        31        71        80
         2        31        40        80        81
         2        31        72        80        81
         2        31        71        72        80
         2        32        40        41        81
         2        31        32        40        81
         2        31        32        72        81
         2        32        41        81        82
         2        32        73        81        82
         2        32        72        73        81
         2        24        33        41        82
         2        24        32        41        82
         2        24        32        73        82
         2        24        33        74        82
         2        24        65        74        82
         2        24        65        73        82
         2        33        34        41        74
         2        33        33        34        74
         2        33        34        74        74
         2        34        41        74        82
         2        34        74        75        82
         2        34        74        74        75
         2        35        40        41        82
         2        34        35        41        82
         2        34        35        75        82
         2        35        40        81        82
         2        35        76        81        82
         2        35        75        76        82
         2        36        39        40        81
         2        35        36        40        81
         2        35        36        76        81
         2        36        39        80        81
         2        36        77        80        81
         2        36        76        77        81
         2        37        38        39        80
         2        36        37        39        80
         2        36        37        77        80
         2        37        38        79        80
         2        37        78        79        80
         2        37        77        78        80
         4        37        38        38        79
         4        37        38        78        79
         4        38        78        79        79
         2        36        37        39        78
         2        37        38        39        78
         2        38        39        78        79
         2        36        39        77        78
         2        39        77        78        80
         2        39        78        79        80
         2        35        36        40        77
         2        36        39        40        77
         2        39        40        77        80
         2        35        40        76        77
         2        40        76        77        81
         2        40        77        80        81
         2        34        35        41        76
         2        35        40        41        76
         2        40        41        76        81
         2        34        41        75        76
         2        41        75        76        82
         2        41        76        81        82
         2        33        33        34        75
         2        33        34        41        75
         2        33        41        75        82
         2        33        33        74        75
         2        33        74        74        75
         2        33        74        75        82
         2        24        32        41        65
         2        24        33        41        65
         2        33        41        65        74
         2        32        41        65        73
         2        41        65        73        82
         2        41        65        74        82
         2        31        32        40        73
         2        32        40        41        73
         2        40        41        73        82
         2        31        40        72        73
         2        40        72        73        81
         2        40        73        81        82
         2        30        31        39        72
         2        31        39        40        72
         2        39        40        72        81
         2        30        39        71        72
         2        39        71        72        80
         2        39        72        80        81
         2        29        30        38        71
         2        30        38        39        71
         2        38        39        71        80
         2        29        38        70        71
         2        38        70        71        79
         2        38        71        79        80
         2        28        29        37        70
         2        29        37        38        70
         2        37        38        70        79
         2        28        37        69        70
         2        37        69        70        78
         2        37        70        78        79
         2        27        28        36        69
         2        28        36        37        69
         2        36        37        69        78
         2        27        36        68        69
         2        36        68        69        77
         2        36        69        77        78
         2        26        27        35        68
         2        27        35        36        68
         2        35        36        68        77
         2        26        35        67        68
         2        35        67        68        76
         2        35        68        76        77
         2        25        26        34        67
         2        26        34        35        67
         2        34        35        67        76
         2        25        34        66        67
         2        34        66        67        75
         2        34        67        75        76
         2        24        25        33        66
         2        25        33        34        66
         2        33        34        66        75
         2        24        33        65        66
         2        33        65        66        74
         2        33        66        74        75
         2        15        23        32        56
         2        15        24        32        56
         2        24        32        56        65
         2        23        32        56        64
         2        32        56        64        73
         2        32        56        65        73
         2        22        23        31        64
         2        23        31        32        64
         2        31        32        64        73
         2        22        31        63        64
         2        31        63        64        72
         2        31        64        72        73
         2        21        22        30        63
         2        22        30        31        63
         2        30        31        63        72
         2        21        30        62        63
         2        30        62        63        71
         2        30        63        71        72
         2        20        21        29        62
         2        21        29        30        62
         2        29        30        62        71
         2        20        29        61        62
         2        29        61        62        70
         2        29        62        70        71
         2        19        20        28        61
         2        20        28        29        61
         2        28        29        61        70
         2        19        28        60        61
         2        28        60        61        69
         2        28        61        69        70
         2        18        19        27        60
         2        19        27        28        60
         2        27        28        60        69
         2        18        27        59        60
         2        27        59        60        68
         2        27        60        68        69
         2        17        18        26        59
         2        18        26        27        59
         2        26        27        59        68
         2        17        26        58        59
         2        26        58        59        67
         2        26        59        67        68
         2        16        17        25        58
         2        17        25        26        58
         2        25        26        58        67
         2        16        25        57        58
         2        25        57        58        66
         2        25        58        66        67
         2        15        16        24        57
         2        16        24        25        57
         2        24        25        57        66
         2        15        24        56        57
         2        24        56        57        65
         2        24        57        65        66
         2         6        14        23        47
         2         6        15        23        47
         2        15        23        47        56
         2        14        23        47        55
         2        23        47        55        64
         2        23        47        56        64
         2        13        14        22        55
         2        14        22        23        55
         2        22        23        55        64
         2        13        22        54        55
         2        22        54        55        63
         2        22        55        63        64
         2        12        13        21        54
         2        13        21        22        54
         2        21        22        54        63
         2        12        21        53        54
         2        21        53        54        62
         2        21        54        62        63
         2        11        12        20        53
         2        12        20        21        53
         2        20        21        53        62
         2        11        20        52        53
         2        20        52        53        61
         2        20        53        61        62
         2        10        11        19        52
         2        11        19        20        52
         2        19        20        52        61
         2        10        19        51        52
         2        19        51        52        60
         2        19        52        60        61
         2         9        10        18        51
         2        10        18        19        51
         2        18        19        51        60
         2         9        18        50        51
         2        18        50        51        59
         2        18        51        59        60
         2         8         9        17        50
         2         9        17        18        50
         2        17        18        50        59
         2         8        17        49        50
         2        17        49        50        58
         2        17        50        58        59
         2         7         8        16        49
         2         8        16        17        49
         2        16        17        49        58
         2         7        16        48        49
         2        16        48        49        57
         2        16        49        57        58
         2         6         7        15        48
         2         7        15        16        48
         2        15        16        48        57
         2         6        15        47        48
         2        15        47        48        56
         2        15        48        56        57
         2         1         2        14        42
         2         1         6        14        42
         2         6        14        42        47
         2         2        14        42        43
         2        14        42        43        55
         2        14        42        47        55
         2         2         3        13        43
         2         2        13        14        43
         2        13        14        43        55
         2         3        13        43        44
         2        13        43        44        54
         2        13        43        54        55
         2         3         4        12        44
         2         3        12        13        44
         2        12        13        44        54
         2         4        12        44        45
         2        12        44        45        53
         2        12        44        53        54
         2         4         5        11        45
         2         4        11        12        45
         2        11        12        45        53
         2         5        11        45        46
         2        11        45        46        52
         2        11        45        52        53
         2         5         5        10        46
         2         5        10        11        46
         2        10        11        46        52
         2         5        10        46        46
         2        10        46        46        51
         2        10        46        51        52
         2         4         5         9        46
         2         5         9        10        46
         2         9        10        46        51
         2         4         9        45        46
         2         9        45        46        50
         2         9        46        50        51
         2         3         4         8        45
         2         4         8         9        45
         2         8         9        45        50
         2         3         8        44        45
         2         8        44        45        49
         2         8        45        49        50
         2         2         3         7        44
         2         3         7         8        44
         2         7         8        44        49
         2         2         7        43        44
         2         7        43        44        48
         2         7        44        48        49
         2         1         2         6        43
         2         2         6         7        43
         2         6         7        43        48
         2         1         6        42        43
         2         6        42        43        47
         2         6        43        47        48
         2        43        47        48        88
         2        42        43        47        88
         2        42        43        83        88
         2        43        48        88        89
         2        43        84        88        89
         2        43        83        84        88
         2        44        48        49        89
         2        43        44        48        89
         2        43        44        84        89
         2        44        49        89        90
         2        44        85        89        90
         2        44        84        85        89
         2        45        49        50        90
         2        44        45        49        90
         2        44        45        85        90
         2        45        50        90        91
         2        45        86        90        91
         2        45        85        86        90
         2        46        50        51        91
         2        45        46        50        91
         2        45        46        86        91
         2        46        51        91        92
         2        46        87        91        92
         2        46        86        87        91
         2        46        51        52        92
         2        46        46        51        92
         2        46        46        87        92
         2        46        52        92        93
         2        46        87        92        93
         2        46        87        87        92
         2        45        52        53        93
         2        45        46        52        93
         2        45        46        87        93
         2        45        53        93        94
         2        45        86        93        94
         2        45        86        87        93
         2        44        53        54        94
         2        44        45        53        94
         2        44        45        86        94
         2        44        54        94        95
         2        44        85        94        95
         2        44        85        86        94
         2        43        54        55        95
         2        43        44        54        95
         2        43        44        85        95
         2        43        55        95        96
         2        43        84        95        96
         2        43        84        85        95
         2        42        47        55        96
         2        42        43        55        96
         2        42        43        84        96
         2        42        47        88        96
         2        42        83        88        96
         2        42        83        84        96
         2        48        56        57        97
         2        47        48        56        97
         2        47        48        88        97
         2        48        57        97        98
         2        48        89        97        98
         2        48        88        89        97
         2        49        57        58        98
         2        48        49        57        98
         2        48        49        89        98
         2        49        58        98        99
         2        49        90        98        99
         2        49        89        90        98
         2        50        58        59        99
         2        49        50        58        99
         2        49        50        90        99
         2        50        59        99       100
         2        50        91        99       100
         2        50        90        91        99
         2        51        59        60       100
         2        50        51        59       100
         2        50        51        91       100
         2        51        60       100       101
         2        51        92       100       101
         2        51        91        92       100
         2        52        60        61       101
         2        51        52        60       101
         2        51        52        92       101
         2        52        61       101       102
         2        52        93       101       102
         2        52        92        93       101
         2        53        61        62       102
         2        52        53        61       102
         2        52        53        93       102
         2        53        62       102       103
         2        53        94       102       103
         2        53        93        94       102
         2        54        62        63       103
         2        53        54        62       103
         2        53        54        94       103
         2        54        63       103       104
         2        54        95       103       104
         2        54        94        95       103
         2        55        63        64       104
         2        54        55        63       104
         2        54        55        95       104
         2        55        64       104       105
         2        55        96       104       105
         2        55        95        96       104
         2        47        56        64       105
         2        47        55        64       105
         2        47        55        96       105
         2        47        56        97       105
         2        47        88        97       105
         2        47        88        96       105
         2        57        65        66       106
         2        56        57        65       106
         2        56        57        97       106
         2        57        66       106       107
         2        57        98       106       107
         2        57        97        98       106
         2        58        66        67       107
         2        57        58        66       107
         2        57        58        98       107
         2        58        67       107       108
         2        58        99       107       108
         2        58        98        99       107
         2        59        67        68       108
         2        58        59        67       108
         2        58        59        99       108
         2        59        68       108       109
         2        59       100       108       109
         2        59        99       100       108
         2        60        68        69       109
         2        59        60        68       109
         2        59        60       100       109
         2        60        69       109       110
         2        60       101       109       110
         2        60       100       101       109
         2        61        69        70       110
         2        60        61        69       110
         2        60        61       101       110
         2        61        70       110       111
         2        61       102       110       111
         2        61       101       102       110
         2        62        70        71       111
         2        61        62        70       111
         2        61        62       102       111
         2        62        71       111       112
         2        62       103       111       112
         2        62       102       103       111
         2        63        71        72       112
         2        62        63        71       112
         2        62        63       103       112
         2        63        72       112       113
         2        63       104       112       113
         2        63       103       104       112
         2        64        72        73       113
         2        63        64        72       113
         2        63        64       104       113
         2        64        73       113       114
         2        64       105       113       114
         2        64       104       105       113
         2        56        65        73       114
         2        56        64        73       114
         2        56        64       105       114
         2        56        65       106       114
         2        56        97       106       114
         2        56        97       105       114
         2        66        74        75       115
         2        65        66        74       115
         2        65        66       106       115
         2        66        75       115       116
         2        66       107       115       116
         2        66       106       107       115
         2        67        75        76       116
         2        66        67        75       116
         2        66        67       107       116
         2        67        76       116       117
         2        67       108       116       117
         2        67       107       108       116
         2        68        76        77       117
         2        67        68        76       117
         2        67        68       108       117
         2        68        77       117       118
         2        68       109       117       118
         2        68       108       109       117
         2        69        77        78       118
         2        68        69        77       118
         2        68        69       109       118
         2        69        78       118       119
         2        69       110       118       119
         2        69       109       110       118
         2        70        78        79       119
         2        69        70        78       119
         2        69        70       110       119
         2        70        79       119       120
         2        70       111       119       120
         2        70       110       111       119
         2        71        79        80       120
         2        70        71        79       120
         2        70        71       111       120
         2        71        80       120       121
         2        71       112       120       121
         2        71       111       112       120
         2        72        80        81       121
         2        71        72        80       121
         2        71        72       112       121
         2        72        81       121       122
         2        72       113       121       122
         2        72       112       113       121
         2        73        81        82       122
         2        72        73        81       122
         2        72        73       113       122
         2        73        82       122       123
         2        73       114       122       123
         2        73       113       114       122
         2        65        74        82       123
         2        65        73        82       123
         2        65        73       114       123
         2        65        74       115       123
         2        65       106       115       123
         2        65       106       114       123
         2        74        75        82       115
         2        74        74        75       115
         2        74        75       115       115
         2        75        82       115       123
         2        75       115       116       123
         2        75       115       115       116
         2        76        81        82       123
         2        75        76        82       123
         2        75        76       116       123
         2        76        81       122       123
         2        76       117       122       123
         2        76       116       117       123
         2        77        80        81       122
         2        76        77        81       122
         2        76        77       117       122
         2        77        80       121       122
         2        77       118       121       122
         2        77       117       118       122
         2        78        79        80       121
         2        77        78        80       121
         2        77        78       118       121
         2        78        79       120       121
         2        78       119       120       121
         2        78       118       119       121
         4        78        79        79       120
         4        78        79       119       120
         4        79       119       120       120
         2        77        78        80       119
         2        78        79        80       119
         2        79        80       119       120
         2        77        80       118       119
         2        80       118       119       121
         2        80       119       120       121
         2        76        77        81       118
         2        77        80        81       118
         2        80        81       118       121
         2        76        81       117       118
         2        81       117       118       122
         2        81       118       121       122
         2        75        76        82       117
         2        76        81        82       117
         2        81        82       117       122
         2        75        82       116       117
         2        82       116       117       123
         2        82       117       122       123
         2        74        74        75       116
         2        74        75        82       116
         2        74        82       116       123
         2        74        74       115       116
         2        74       115       115       116
         2        74       115       116       123
         2        65        73        82       106
         2        65        74        82       106
         2        74        82       106       115
         2        73        82       106       114
         2        82       106       114       123
         2        82       106       115       123
         2        72        73        81       114
         2        73        81        82       114
         2        81        82       114       123
         2        72        81       113       114
         2        81       113       114       122
         2        81       114       122       123
         2        71        72        80       113
         2        72        80        81       113
         2        80        81       113       122
         2        71        80       112       113
         2        80       112       113       121
         2        80       113       121       122
         2        70        71        79       112
         2        71        79        80       112
         2        79        80       112       121
         2        70        79       111       112
         2        79       111       112       120
         2        79       112       120       121
         2        69        70        78       111
         2        70        78        79       111
         2        78        79       111       120
         2        69        78       110       111
         2        78       110       111       119
         2        78       111       119       120
         2        68        69        77       110
         2        69        77        78       110
         2        77        78       110       119
         2        68        77       109       110
         2        77       109       110       118
         2        77       110       118       119
         2        67        68        76       109
         2        68        76        77       109
         2        76        77       109       118
         2        67        76       108       109
         2        76       108       109       117
         2        76       109       117       118
         2        66        67        75       108
         2        67        75        76       108
         2        75        76       108       117
         2        66        75       107       108
         2        75       107       108       116
         2        75       108       116       117
         2        65        66        74       107
         2        66        74        75       107
         2        74        75       107       116
         2        65        74       106       107
         2        74       106       107       115
         2        74       107       115       116
         2        56        64        73        97
         2        56        65        73        97
         2        65        73        97       106
         2        64        73        97       105
         2        73        97       105       114
         2        73        97       106       114
         2        63        64        72       105
         2        64        72        73       105
         2        72        73       105       114
         2        63        72       104       105
         2        72       104       105       113
         2        72       105       113       114
         2        62        63        71       104
         2        63        71        72       104
         2        71        72       104       113
         2        62        71       103       104
         2        71       103       104       112
         2        71       104       112       113
         2        61        62        70       103
         2        62        70        71       103
         2        70        71       103       112
         2        61        70       102       103
         2        70       102       103       111
         2        70       103       111       112
         2        60        61        69       102
         2        61        69        70       102
         2        69        70       102       111
         2        60        69       101       102
         2        69       101       102       110
         2        69       102       110       111
         2        59        60        68       101
         2        60        68        69       101
         2        68        69       101       110
         2        59        68       100       101
         2        68       100       101       109
         2        68       101       109       110
         2        58        59        67       100
         2        59        67        68       100
         2        67        68       100       109
         2        58        67        99       100
         2        67        99       100       108
         2        67       100       108       109
         2        57        58        66        99
         2        58        66        67        99
         2        66        67        99       108
         2        57        66        98        99
         2        66        98        99       107
         2        66        99       107       108
         2        56        57        65        98
         2        57        65        66        98
         2        65        66        98       107
         2        56        65        97        98
         2        65        97        98       106
         2        65        98       106       107
         2        47        55        64        88
         2        47        56        64        88
         2        56        64        88        97
         2        55        64        88        96
         2        64        88        96       105
         2        64        88        97       105
         2        54        55        63        96
         2        55        63        64        96
         2        63        64        96       105
         2        54        63        95        96
         2        63        95        96       104
         2        63        96       104       105
         2        53        54        62        95
         2        54        62        63        95
         2        62        63        95       104
         2        53        62        94        95
         2        62        94        95       103
         2        62        95       103       104
         2        52        53        61        94
         2        53        61        62        94
         2        61        62        94       103
         2        52        61        93        94
         2        61        93        94       102
         2        61        94       102       103
         2        51        52        60        93
         2        52        60        61        93
         2        60        61        93       102
         2        51        60        92        93
         2        60        92        93       101
         2        60        93       101       102
         2        50        51        59        92
         2        51        59        60        92
         2        59        60        92       101
         2        50        59        91        92
         2        59        91        92       100
         2        59        92       100       101
         2        49        50        58        91
         2        50        58        59        91
         2        58        59        91       100
         2        49        58        90        91
         2        58        90        91        99
         2        58        91        99       100
         2        48        49        57        90
         2        49        57        58        90
         2        57        58        90        99
         2        48        57        89        90
         2        57        89        90        98
         2        57        90        98        99
         2        47        48        56        89
         2        48        56        57        89
         2        56        57        89        98
         2        47        56        88        89
         2        56        88        89        97
         2        56        89        97        98
         2        42        43        55        83
         2        42        47        55        83
         2        47        55        83        88
         2        43        55        83        84
         2        55        83        84        96
         2        55        83        88        96
         2        43        44        54        84
         2        43        54        55        84
         2        54        55        84        96
         2        44        54        84        85
         2        54        84        85        95
         2        54        84        95        96
         2        44        45        53        85
         2        44        53        54        85
         2        53        54        85        95
         2        45        53        85        86
         2        53        85        86        94
         2        53        85        94        95
         2        45        46        52        86
         2        45        52        53        86
         2        52        53        86        94
         2        46        52        86        87
         2        52        86        87        93
         2        52        86        93        94
         2        46        46        51        87
         2        46        51        52        87
         2        51        52        87        93
         2        46        51        87        87
         2        51        87        87        92
         2        51        87        92        93
         2        45        46        50        87
         2        46        50        51        87
         2        50        51        87        92
         2        45        50        86        87
         2        50        86        87        91
         2        50        87        91        92
         2        44        45        49        86
         2        45        49        50        86
         2        49        50        86        91
         2        44        49        85        86
         2        49        85        86        90
         2        49        86        90        91
         2        43        44        48        85
         2        44        48        49        85
         2        48        49        85        90
         2        43        48        84        85
         2        48        84        85        89
         2        48        85        89        90
         2        42        43        47        84
         2        43        47        48        84
         2        47        48        84        89
         2        42        47        83        84
         2        47        83        84        88
         2        47        84        88        89
