Automatically generated mesh
      88
Reciprocal lattice
    0.00000000000000    0.00000000000000    0.00000000000000             1
    0.16666666666666    0.00000000000000    0.00000000000000             2
    0.33333333333334   -0.00000000000000    0.00000000000000             2
    0.50000000000000    0.00000000000000    0.00000000000000             1
    0.00000000000000    0.14285714285715    0.00000000000000             2
    0.16666666666666    0.14285714285715    0.00000000000000             2
    0.33333333333334    0.14285714285715    0.00000000000000             2
    0.50000000000000    0.14285714285715    0.00000000000000             2
   -0.33333333333334    0.14285714285715    0.00000000000000             2
   -0.16666666666666    0.14285714285715    0.00000000000000             2
   -0.00000000000000    0.28571428571428    0.00000000000000             2
    0.16666666666666    0.28571428571428    0.00000000000000             2
    0.33333333333334    0.28571428571428    0.00000000000000             2
    0.50000000000000    0.28571428571428    0.00000000000000             2
   -0.33333333333334    0.28571428571428    0.00000000000000             2
   -0.16666666666666    0.28571428571428    0.00000000000000             2
   -0.00000000000000    0.42857142857143    0.00000000000000             2
    0.16666666666666    0.42857142857143    0.00000000000000             2
    0.33333333333334    0.42857142857143    0.00000000000000             2
    0.50000000000000    0.42857142857143    0.00000000000000             2
   -0.33333333333334    0.42857142857143    0.00000000000000             2
   -0.16666666666666    0.42857142857143    0.00000000000000             2
    0.00000000000000    0.00000000000000    0.14285714285714             2
    0.16666666666666    0.00000000000000    0.14285714285714             4
    0.33333333333334   -0.00000000000000    0.14285714285714             4
    0.50000000000000    0.00000000000000    0.14285714285714             2
    0.00000000000000    0.14285714285715    0.14285714285714             4
    0.16666666666666    0.14285714285715    0.14285714285714             4
    0.33333333333334    0.14285714285715    0.14285714285714             4
    0.50000000000000    0.14285714285715    0.14285714285714             4
   -0.33333333333334    0.14285714285715    0.14285714285714             4
   -0.16666666666666    0.14285714285715    0.14285714285714             4
   -0.00000000000000    0.28571428571428    0.14285714285714             4
    0.16666666666666    0.28571428571428    0.14285714285714             4
    0.33333333333334    0.28571428571428    0.14285714285714             4
    0.50000000000000    0.28571428571428    0.14285714285714             4
   -0.33333333333334    0.28571428571428    0.14285714285714             4
   -0.16666666666666    0.28571428571428    0.14285714285714             4
   -0.00000000000000    0.42857142857143    0.14285714285714             4
    0.16666666666666    0.42857142857143    0.14285714285714             4
    0.33333333333334    0.42857142857143    0.14285714285714             4
    0.50000000000000    0.42857142857143    0.14285714285714             4
   -0.33333333333334    0.42857142857143    0.14285714285714             4
   -0.16666666666666    0.42857142857143    0.14285714285714             4
    0.00000000000000    0.00000000000000    0.28571428571429             2
    0.16666666666666    0.00000000000000    0.28571428571429             4
    0.33333333333334   -0.00000000000000    0.28571428571429             4
    0.50000000000000    0.00000000000000    0.28571428571429             2
    0.00000000000000    0.14285714285715    0.28571428571429             4
    0.16666666666666    0.14285714285715    0.28571428571429             4
    0.33333333333334    0.14285714285715    0.28571428571429             4
    0.50000000000000    0.14285714285715    0.28571428571429             4
   -0.33333333333334    0.14285714285715    0.28571428571429             4
   -0.16666666666666    0.14285714285715    0.28571428571429             4
   -0.00000000000000    0.28571428571428    0.28571428571429             4
    0.16666666666666    0.28571428571428    0.28571428571429             4
    0.33333333333334    0.28571428571428    0.28571428571429             4
    0.50000000000000    0.28571428571428    0.28571428571429             4
   -0.33333333333334    0.28571428571428    0.28571428571429             4
   -0.16666666666666    0.28571428571428    0.28571428571429             4
   -0.00000000000000    0.42857142857143    0.28571428571429             4
    0.16666666666666    0.42857142857143    0.28571428571429             4
    0.33333333333334    0.42857142857143    0.28571428571429             4
    0.50000000000000    0.42857142857143    0.28571428571429             4
   -0.33333333333334    0.42857142857143    0.28571428571429             4
   -0.16666666666666    0.42857142857143    0.28571428571429             4
    0.00000000000000    0.00000000000000    0.42857142857143             2
    0.16666666666666    0.00000000000000    0.42857142857143             4
    0.33333333333334   -0.00000000000000    0.42857142857143             4
    0.50000000000000    0.00000000000000    0.42857142857143             2
    0.00000000000000    0.14285714285715    0.42857142857143             4
    0.16666666666666    0.14285714285715    0.42857142857143             4
    0.33333333333334    0.14285714285715    0.42857142857143             4
    0.50000000000000    0.14285714285715    0.42857142857143             4
   -0.33333333333334    0.14285714285715    0.42857142857143             4
   -0.16666666666666    0.14285714285715    0.42857142857143             4
   -0.00000000000000    0.28571428571428    0.42857142857143             4
    0.16666666666666    0.28571428571428    0.42857142857143             4
    0.33333333333334    0.28571428571428    0.42857142857143             4
    0.50000000000000    0.28571428571428    0.42857142857143             4
   -0.33333333333334    0.28571428571428    0.42857142857143             4
   -0.16666666666666    0.28571428571428    0.42857142857143             4
   -0.00000000000000    0.42857142857143    0.42857142857143             4
    0.16666666666666    0.42857142857143    0.42857142857143             4
    0.33333333333334    0.42857142857143    0.42857142857143             4
    0.50000000000000    0.42857142857143    0.42857142857143             4
   -0.33333333333334    0.42857142857143    0.42857142857143             4
   -0.16666666666666    0.42857142857143    0.42857142857143             4
Tetrahedra
       880    0.00056689342404
         2         2         5         6        27
         2         1         2         5        27
         2         1         2        23        27
         2         2         6        27        28
         2         2        24        27        28
         2         2        23        24        27
         2         3         6         7        28
         2         2         3         6        28
         2         2         3        24        28
         2         3         7        28        29
         2         3        25        28        29
         2         3        24        25        28
         2         4         7         8        29
         2         3         4         7        29
         2         3         4        25        29
         2         4         8        29        30
         2         4        26        29        30
         2         4        25        26        29
         2         3         8         9        30
         2         3         4         8        30
         2         3         4        26        30
         2         3         9        30        31
         2         3        25        30        31
         2         3        25        26        30
         2         2         9        10        31
         2         2         3         9        31
         2         2         3        25        31
         2         2        10        31        32
         2         2        24        31        32
         2         2        24        25        31
         2         1         5        10        32
         2         1         2        10        32
         2         1         2        24        32
         2         1         5        27        32
         2         1        23        27        32
         2         1        23        24        32
         2         6        11        12        33
         2         5         6        11        33
         2         5         6        27        33
         2         6        12        33        34
         2         6        28        33        34
         2         6        27        28        33
         2         7        12        13        34
         2         6         7        12        34
         2         6         7        28        34
         2         7        13        34        35
         2         7        29        34        35
         2         7        28        29        34
         2         8        13        14        35
         2         7         8        13        35
         2         7         8        29        35
         2         8        14        35        36
         2         8        30        35        36
         2         8        29        30        35
         2         9        14        15        36
         2         8         9        14        36
         2         8         9        30        36
         2         9        15        36        37
         2         9        31        36        37
         2         9        30        31        36
         2        10        15        16        37
         2         9        10        15        37
         2         9        10        31        37
         2        10        16        37        38
         2        10        32        37        38
         2        10        31        32        37
         2         5        11        16        38
         2         5        10        16        38
         2         5        10        32        38
         2         5        11        33        38
         2         5        27        33        38
         2         5        27        32        38
         2        12        17        18        39
         2        11        12        17        39
         2        11        12        33        39
         2        12        18        39        40
         2        12        34        39        40
         2        12        33        34        39
         2        13        18        19        40
         2        12        13        18        40
         2        12        13        34        40
         2        13        19        40        41
         2        13        35        40        41
         2        13        34        35        40
         2        14        19        20        41
         2        13        14        19        41
         2        13        14        35        41
         2        14        20        41        42
         2        14        36        41        42
         2        14        35        36        41
         2        15        20        21        42
         2        14        15        20        42
         2        14        15        36        42
         2        15        21        42        43
         2        15        37        42        43
         2        15        36        37        42
         2        16        21        22        43
         2        15        16        21        43
         2        15        16        37        43
         2        16        22        43        44
         2        16        38        43        44
         2        16        37        38        43
         2        11        17        22        44
         2        11        16        22        44
         2        11        16        38        44
         2        11        17        39        44
         2        11        33        39        44
         2        11        33        38        44
         2        17        18        22        39
         2        17        17        18        39
         2        17        18        39        39
         2        18        22        39        44
         2        18        39        40        44
         2        18        39        39        40
         2        19        21        22        44
         2        18        19        22        44
         2        18        19        40        44
         2        19        21        43        44
         2        19        41        43        44
         2        19        40        41        44
         2        20        20        21        43
         2        19        20        21        43
         2        19        20        41        43
         2        20        20        42        43
         2        20        42        42        43
         2        20        41        42        43
         2        19        20        21        42
         2        20        20        21        42
         2        20        21        42        42
         2        19        21        41        42
         2        21        41        42        43
         2        21        42        42        43
         2        18        19        22        41
         2        19        21        22        41
         2        21        22        41        43
         2        18        22        40        41
         2        22        40        41        44
         2        22        41        43        44
         2        17        17        18        40
         2        17        18        22        40
         2        17        22        40        44
         2        17        17        39        40
         2        17        39        39        40
         2        17        39        40        44
         2        11        16        22        33
         2        11        17        22        33
         2        17        22        33        39
         2        16        22        33        38
         2        22        33        38        44
         2        22        33        39        44
         2        15        16        21        38
         2        16        21        22        38
         2        21        22        38        44
         2        15        21        37        38
         2        21        37        38        43
         2        21        38        43        44
         2        14        15        20        37
         2        15        20        21        37
         2        20        21        37        43
         2        14        20        36        37
         2        20        36        37        42
         2        20        37        42        43
         2        13        14        19        36
         2        14        19        20        36
         2        19        20        36        42
         2        13        19        35        36
         2        19        35        36        41
         2        19        36        41        42
         2        12        13        18        35
         2        13        18        19        35
         2        18        19        35        41
         2        12        18        34        35
         2        18        34        35        40
         2        18        35        40        41
         2        11        12        17        34
         2        12        17        18        34
         2        17        18        34        40
         2        11        17        33        34
         2        17        33        34        39
         2        17        34        39        40
         2         5        10        16        27
         2         5        11        16        27
         2        11        16        27        33
         2        10        16        27        32
         2        16        27        32        38
         2        16        27        33        38
         2         9        10        15        32
         2        10        15        16        32
         2        15        16        32        38
         2         9        15        31        32
         2        15        31        32        37
         2        15        32        37        38
         2         8         9        14        31
         2         9        14        15        31
         2        14        15        31        37
         2         8        14        30        31
         2        14        30        31        36
         2        14        31        36        37
         2         7         8        13        30
         2         8        13        14        30
         2        13        14        30        36
         2         7        13        29        30
         2        13        29        30        35
         2        13        30        35        36
         2         6         7        12        29
         2         7        12        13        29
         2        12        13        29        35
         2         6        12        28        29
         2        12        28        29        34
         2        12        29        34        35
         2         5         6        11        28
         2         6        11        12        28
         2        11        12        28        34
         2         5        11        27        28
         2        11        27        28        33
         2        11        28        33        34
         2         1         2        10        23
         2         1         5        10        23
         2         5        10        23        27
         2         2        10        23        24
         2        10        23        24        32
         2        10        23        27        32
         2         2         3         9        24
         2         2         9        10        24
         2         9        10        24        32
         2         3         9        24        25
         2         9        24        25        31
         2         9        24        31        32
         2         3         4         8        25
         2         3         8         9        25
         2         8         9        25        31
         2         4         8        25        26
         2         8        25        26        30
         2         8        25        30        31
         2         3         4         7        26
         2         4         7         8        26
         2         7         8        26        30
         2         3         7        25        26
         2         7        25        26        29
         2         7        26        29        30
         2         2         3         6        25
         2         3         6         7        25
         2         6         7        25        29
         2         2         6        24        25
         2         6        24        25        28
         2         6        25        28        29
         2         1         2         5        24
         2         2         5         6        24
         2         5         6        24        28
         2         1         5        23        24
         2         5        23        24        27
         2         5        24        27        28
         2        24        27        28        49
         2        23        24        27        49
         2        23        24        45        49
         2        24        28        49        50
         2        24        46        49        50
         2        24        45        46        49
         2        25        28        29        50
         2        24        25        28        50
         2        24        25        46        50
         2        25        29        50        51
         2        25        47        50        51
         2        25        46        47        50
         2        26        29        30        51
         2        25        26        29        51
         2        25        26        47        51
         2        26        30        51        52
         2        26        48        51        52
         2        26        47        48        51
         2        25        30        31        52
         2        25        26        30        52
         2        25        26        48        52
         2        25        31        52        53
         2        25        47        52        53
         2        25        47        48        52
         2        24        31        32        53
         2        24        25        31        53
         2        24        25        47        53
         2        24        32        53        54
         2        24        46        53        54
         2        24        46        47        53
         2        23        27        32        54
         2        23        24        32        54
         2        23        24        46        54
         2        23        27        49        54
         2        23        45        49        54
         2        23        45        46        54
         2        28        33        34        55
         2        27        28        33        55
         2        27        28        49        55
         2        28        34        55        56
         2        28        50        55        56
         2        28        49        50        55
         2        29        34        35        56
         2        28        29        34        56
         2        28        29        50        56
         2        29        35        56        57
         2        29        51        56        57
         2        29        50        51        56
         2        30        35        36        57
         2        29        30        35        57
         2        29        30        51        57
         2        30        36        57        58
         2        30        52        57        58
         2        30        51        52        57
         2        31        36        37        58
         2        30        31        36        58
         2        30        31        52        58
         2        31        37        58        59
         2        31        53        58        59
         2        31        52        53        58
         2        32        37        38        59
         2        31        32        37        59
         2        31        32        53        59
         2        32        38        59        60
         2        32        54        59        60
         2        32        53        54        59
         2        27        33        38        60
         2        27        32        38        60
         2        27        32        54        60
         2        27        33        55        60
         2        27        49        55        60
         2        27        49        54        60
         2        34        39        40        61
         2        33        34        39        61
         2        33        34        55        61
         2        34        40        61        62
         2        34        56        61        62
         2        34        55        56        61
         2        35        40        41        62
         2        34        35        40        62
         2        34        35        56        62
         2        35        41        62        63
         2        35        57        62        63
         2        35        56        57        62
         2        36        41        42        63
         2        35        36        41        63
         2        35        36        57        63
         2        36        42        63        64
         2        36        58        63        64
         2        36        57        58        63
         2        37        42        43        64
         2        36        37        42        64
         2        36        37        58        64
         2        37        43        64        65
         2        37        59        64        65
         2        37        58        59        64
         2        38        43        44        65
         2        37        38        43        65
         2        37        38        59        65
         2        38        44        65        66
         2        38        60        65        66
         2        38        59        60        65
         2        33        39        44        66
         2        33        38        44        66
         2        33        38        60        66
         2        33        39        61        66
         2        33        55        61        66
         2        33        55        60        66
         2        39        40        44        61
         2        39        39        40        61
         2        39        40        61        61
         2        40        44        61        66
         2        40        61        62        66
         2        40        61        61        62
         2        41        43        44        66
         2        40        41        44        66
         2        40        41        62        66
         2        41        43        65        66
         2        41        63        65        66
         2        41        62        63        66
         2        42        42        43        65
         2        41        42        43        65
         2        41        42        63        65
         2        42        42        64        65
         2        42        64        64        65
         2        42        63        64        65
         2        41        42        43        64
         2        42        42        43        64
         2        42        43        64        64
         2        41        43        63        64
         2        43        63        64        65
         2        43        64        64        65
         2        40        41        44        63
         2        41        43        44        63
         2        43        44        63        65
         2        40        44        62        63
         2        44        62        63        66
         2        44        63        65        66
         2        39        39        40        62
         2        39        40        44        62
         2        39        44        62        66
         2        39        39        61        62
         2        39        61        61        62
         2        39        61        62        66
         2        33        38        44        55
         2        33        39        44        55
         2        39        44        55        61
         2        38        44        55        60
         2        44        55        60        66
         2        44        55        61        66
         2        37        38        43        60
         2        38        43        44        60
         2        43        44        60        66
         2        37        43        59        60
         2        43        59        60        65
         2        43        60        65        66
         2        36        37        42        59
         2        37        42        43        59
         2        42        43        59        65
         2        36        42        58        59
         2        42        58        59        64
         2        42        59        64        65
         2        35        36        41        58
         2        36        41        42        58
         2        41        42        58        64
         2        35        41        57        58
         2        41        57        58        63
         2        41        58        63        64
         2        34        35        40        57
         2        35        40        41        57
         2        40        41        57        63
         2        34        40        56        57
         2        40        56        57        62
         2        40        57        62        63
         2        33        34        39        56
         2        34        39        40        56
         2        39        40        56        62
         2        33        39        55        56
         2        39        55        56        61
         2        39        56        61        62
         2        27        32        38        49
         2        27        33        38        49
         2        33        38        49        55
         2        32        38        49        54
         2        38        49        54        60
         2        38        49        55        60
         2        31        32        37        54
         2        32        37        38        54
         2        37        38        54        60
         2        31        37        53        54
         2        37        53        54        59
         2        37        54        59        60
         2        30        31        36        53
         2        31        36        37        53
         2        36        37        53        59
         2        30        36        52        53
         2        36        52        53        58
         2        36        53        58        59
         2        29        30        35        52
         2        30        35        36        52
         2        35        36        52        58
         2        29        35        51        52
         2        35        51        52        57
         2        35        52        57        58
         2        28        29        34        51
         2        29        34        35        51
         2        34        35        51        57
         2        28        34        50        51
         2        34        50        51        56
         2        34        51        56        57
         2        27        28        33        50
         2        28        33        34        50
         2        33        34        50        56
         2        27        33        49        50
         2        33        49        50        55
         2        33        50        55        56
         2        23        24        32        45
         2        23        27        32        45
         2        27        32        45        49
         2        24        32        45        46
         2        32        45        46        54
         2        32        45        49        54
         2        24        25        31        46
         2        24        31        32        46
         2        31        32        46        54
         2        25        31        46        47
         2        31        46        47        53
         2        31        46        53        54
         2        25        26        30        47
         2        25        30        31        47
         2        30        31        47        53
         2        26        30        47        48
         2        30        47        48        52
         2        30        47        52        53
         2        25        26        29        48
         2        26        29        30        48
         2        29        30        48        52
         2        25        29        47        48
         2        29        47        48        51
         2        29        48        51        52
         2        24        25        28        47
         2        25        28        29        47
         2        28        29        47        51
         2        24        28        46        47
         2        28        46        47        50
         2        28        47        50        51
         2        23        24        27        46
         2        24        27        28        46
         2        27        28        46        50
         2        23        27        45        46
         2        27        45        46        49
         2        27        46        49        50
         2        46        49        50        71
         2        45        46        49        71
         2        45        46        67        71
         2        46        50        71        72
         2        46        68        71        72
         2        46        67        68        71
         2        47        50        51        72
         2        46        47        50        72
         2        46        47        68        72
         2        47        51        72        73
         2        47        69        72        73
         2        47        68        69        72
         2        48        51        52        73
         2        47        48        51        73
         2        47        48        69        73
         2        48        52        73        74
         2        48        70        73        74
         2        48        69        70        73
         2        47        52        53        74
         2        47        48        52        74
         2        47        48        70        74
         2        47        53        74        75
         2        47        69        74        75
         2        47        69        70        74
         2        46        53        54        75
         2        46        47        53        75
         2        46        47        69        75
         2        46        54        75        76
         2        46        68        75        76
         2        46        68        69        75
         2        45        49        54        76
         2        45        46        54        76
         2        45        46        68        76
         2        45        49        71        76
         2        45        67        71        76
         2        45        67        68        76
         2        50        55        56        77
         2        49        50        55        77
         2        49        50        71        77
         2        50        56        77        78
         2        50        72        77        78
         2        50        71        72        77
         2        51        56        57        78
         2        50        51        56        78
         2        50        51        72        78
         2        51        57        78        79
         2        51        73        78        79
         2        51        72        73        78
         2        52        57        58        79
         2        51        52        57        79
         2        51        52        73        79
         2        52        58        79        80
         2        52        74        79        80
         2        52        73        74        79
         2        53        58        59        80
         2        52        53        58        80
         2        52        53        74        80
         2        53        59        80        81
         2        53        75        80        81
         2        53        74        75        80
         2        54        59        60        81
         2        53        54        59        81
         2        53        54        75        81
         2        54        60        81        82
         2        54        76        81        82
         2        54        75        76        81
         2        49        55        60        82
         2        49        54        60        82
         2        49        54        76        82
         2        49        55        77        82
         2        49        71        77        82
         2        49        71        76        82
         2        56        61        62        83
         2        55        56        61        83
         2        55        56        77        83
         2        56        62        83        84
         2        56        78        83        84
         2        56        77        78        83
         2        57        62        63        84
         2        56        57        62        84
         2        56        57        78        84
         2        57        63        84        85
         2        57        79        84        85
         2        57        78        79        84
         2        58        63        64        85
         2        57        58        63        85
         2        57        58        79        85
         2        58        64        85        86
         2        58        80        85        86
         2        58        79        80        85
         2        59        64        65        86
         2        58        59        64        86
         2        58        59        80        86
         2        59        65        86        87
         2        59        81        86        87
         2        59        80        81        86
         2        60        65        66        87
         2        59        60        65        87
         2        59        60        81        87
         2        60        66        87        88
         2        60        82        87        88
         2        60        81        82        87
         2        55        61        66        88
         2        55        60        66        88
         2        55        60        82        88
         2        55        61        83        88
         2        55        77        83        88
         2        55        77        82        88
         2        61        62        66        83
         2        61        61        62        83
         2        61        62        83        83
         2        62        66        83        88
         2        62        83        84        88
         2        62        83        83        84
         2        63        65        66        88
         2        62        63        66        88
         2        62        63        84        88
         2        63        65        87        88
         2        63        85        87        88
         2        63        84        85        88
         2        64        64        65        87
         2        63        64        65        87
         2        63        64        85        87
         2        64        64        86        87
         2        64        86        86        87
         2        64        85        86        87
         2        63        64        65        86
         2        64        64        65        86
         2        64        65        86        86
         2        63        65        85        86
         2        65        85        86        87
         2        65        86        86        87
         2        62        63        66        85
         2        63        65        66        85
         2        65        66        85        87
         2        62        66        84        85
         2        66        84        85        88
         2        66        85        87        88
         2        61        61        62        84
         2        61        62        66        84
         2        61        66        84        88
         2        61        61        83        84
         2        61        83        83        84
         2        61        83        84        88
         2        55        60        66        77
         2        55        61        66        77
         2        61        66        77        83
         2        60        66        77        82
         2        66        77        82        88
         2        66        77        83        88
         2        59        60        65        82
         2        60        65        66        82
         2        65        66        82        88
         2        59        65        81        82
         2        65        81        82        87
         2        65        82        87        88
         2        58        59        64        81
         2        59        64        65        81
         2        64        65        81        87
         2        58        64        80        81
         2        64        80        81        86
         2        64        81        86        87
         2        57        58        63        80
         2        58        63        64        80
         2        63        64        80        86
         2        57        63        79        80
         2        63        79        80        85
         2        63        80        85        86
         2        56        57        62        79
         2        57        62        63        79
         2        62        63        79        85
         2        56        62        78        79
         2        62        78        79        84
         2        62        79        84        85
         2        55        56        61        78
         2        56        61        62        78
         2        61        62        78        84
         2        55        61        77        78
         2        61        77        78        83
         2        61        78        83        84
         2        49        54        60        71
         2        49        55        60        71
         2        55        60        71        77
         2        54        60        71        76
         2        60        71        76        82
         2        60        71        77        82
         2        53        54        59        76
         2        54        59        60        76
         2        59        60        76        82
         2        53        59        75        76
         2        59        75        76        81
         2        59        76        81        82
         2        52        53        58        75
         2        53        58        59        75
         2        58        59        75        81
         2        52        58        74        75
         2        58        74        75        80
         2        58        75        80        81
         2        51        52        57        74
         2        52        57        58        74
         2        57        58        74        80
         2        51        57        73        74
         2        57        73        74        79
         2        57        74        79        80
         2        50        51        56        73
         2        51        56        57        73
         2        56        57        73        79
         2        50        56        72        73
         2        56        72        73        78
         2        56        73        78        79
         2        49        50        55        72
         2        50        55        56        72
         2        55        56        72        78
         2        49        55        71        72
         2        55        71        72        77
         2        55        72        77        78
         2        45        46        54        67
         2        45        49        54        67
         2        49        54        67        71
         2        46        54        67        68
         2        54        67        68        76
         2        54        67        71        76
         2        46        47        53        68
         2        46        53        54        68
         2        53        54        68        76
         2        47        53        68        69
         2        53        68        69        75
         2        53        68        75        76
         2        47        48        52        69
         2        47        52        53        69
         2        52        53        69        75
         2        48        52        69        70
         2        52        69        70        74
         2        52        69        74        75
         2        47        48        51        70
         2        48        51        52        70
         2        51        52        70        74
         2        47        51        69        70
         2        51        69        70        73
         2        51        70        73        74
         2        46        47        50        69
         2        47        50        51        69
         2        50        51        69        73
         2        46        50        68        69
         2        50        68        69        72
         2        50        69        72        73
         2        45        46        49        68
         2        46        49        50        68
         2        49        50        68        72
         2        45        49        67        68
         2        49        67        68        71
         2        49        68        71        72
         2        68        71        71        72
         2        67        68        71        71
         2        67        67        68        71
         2        68        71        72        72
         2        68        68        71        72
         2        67        68        68        71
         2        69        72        72        73
         2        68        69        72        72
         2        68        68        69        72
         2        69        72        73        73
         2        69        69        72        73
         2        68        69        69        72
         2        70        73        73        74
         2        69        70        73        73
         2        69        69        70        73
         2        70        73        74        74
         2        70        70        73        74
         2        69        70        70        73
         2        69        74        74        75
         2        69        70        74        74
         2        69        70        70        74
         2        69        74        75        75
         2        69        69        74        75
         2        69        69        70        74
         2        68        75        75        76
         2        68        69        75        75
         2        68        69        69        75
         2        68        75        76        76
         2        68        68        75        76
         2        68        68        69        75
         2        67        71        76        76
         2        67        68        76        76
         2        67        68        68        76
         2        67        71        71        76
         2        67        67        71        76
         2        67        67        68        76
         2        72        77        77        78
         2        71        72        77        77
         2        71        71        72        77
         2        72        77        78        78
         2        72        72        77        78
         2        71        72        72        77
         2        73        78        78        79
         2        72        73        78        78
         2        72        72        73        78
         2        73        78        79        79
         2        73        73        78        79
         2        72        73        73        78
         2        74        79        79        80
         2        73        74        79        79
         2        73        73        74        79
         2        74        79        80        80
         2        74        74        79        80
         2        73        74        74        79
         2        75        80        80        81
         2        74        75        80        80
         2        74        74        75        80
         2        75        80        81        81
         2        75        75        80        81
         2        74        75        75        80
         2        76        81        81        82
         2        75        76        81        81
         2        75        75        76        81
         2        76        81        82        82
         2        76        76        81        82
         2        75        76        76        81
         2        71        77        82        82
         2        71        76        82        82
         2        71        76        76        82
         2        71        77        77        82
         2        71        71        77        82
         2        71        71        76        82
         2        78        83        83        84
         2        77        78        83        83
         2        77        77        78        83
         2        78        83        84        84
         2        78        78        83        84
         2        77        78        78        83
         2        79        84        84        85
         2        78        79        84        84
         2        78        78        79        84
         2        79        84        85        85
         2        79        79        84        85
         2        78        79        79        84
         2        80        85        85        86
         2        79        80        85        85
         2        79        79        80        85
         2        80        85        86        86
         2        80        80        85        86
         2        79        80        80        85
         2        81        86        86        87
         2        80        81        86        86
         2        80        80        81        86
         2        81        86        87        87
         2        81        81        86        87
         2        80        81        81        86
         2        82        87        87        88
         2        81        82        87        87
         2        81        81        82        87
         2        82        87        88        88
         2        82        82        87        88
         2        81        82        82        87
         2        77        83        88        88
         2        77        82        88        88
         2        77        82        82        88
         2        77        83        83        88
         2        77        77        83        88
         2        77        77        82        88
         2        83        83        84        88
         4        83        83        83        84
         2        83        84        88        88
         2        83        84        84        88
         2        83        83        84        84
         2        85        87        88        88
         2        84        85        88        88
         2        84        84        85        88
         2        85        87        87        88
         2        85        85        87        88
         2        84        85        85        88
         2        86        86        87        87
         2        85        86        87        87
         2        85        85        86        87
         4        86        86        86        87
         2        85        86        86        87
