Automatically generated mesh
     100
Reciprocal lattice
    0.00000000000000    0.00000000000000    0.00000000000000             1
    0.14285714285715   -0.00000000000000    0.00000000000000             2
    0.28571428571428   -0.00000000000000    0.00000000000000             2
    0.42857142857143    0.00000000000000    0.00000000000000             2
   -0.00000000000000    0.14285714285715    0.00000000000000             2
    0.14285714285715    0.14285714285715    0.00000000000000             2
    0.28571428571428    0.14285714285715    0.00000000000000             2
    0.42857142857143    0.14285714285715    0.00000000000000             2
   -0.42857142857143    0.14285714285715    0.00000000000000             2
   -0.28571428571428    0.14285714285715    0.00000000000000             2
   -0.14285714285715    0.14285714285715    0.00000000000000             2
   -0.00000000000000    0.28571428571428    0.00000000000000             2
    0.14285714285715    0.28571428571428    0.00000000000000             2
    0.28571428571428    0.28571428571428    0.00000000000000             2
    0.42857142857143    0.28571428571428    0.00000000000000             2
   -0.42857142857143    0.28571428571428    0.00000000000000             2
   -0.28571428571428    0.28571428571428    0.00000000000000             2
   -0.14285714285715    0.28571428571428    0.00000000000000             2
   -0.00000000000000    0.42857142857143    0.00000000000000             2
    0.14285714285715    0.42857142857143    0.00000000000000             2
    0.28571428571428    0.42857142857143    0.00000000000000             2
    0.42857142857143    0.42857142857143    0.00000000000000             2
   -0.42857142857143    0.42857142857143    0.00000000000000             2
   -0.28571428571428    0.42857142857143    0.00000000000000             2
   -0.14285714285715    0.42857142857143    0.00000000000000             2
    0.00000000000000    0.00000000000000    0.14285714285714             2
    0.14285714285715   -0.00000000000000    0.14285714285714             4
    0.28571428571428   -0.00000000000000    0.14285714285714             4
    0.42857142857143    0.00000000000000    0.14285714285714             4
   -0.00000000000000    0.14285714285715    0.14285714285714             4
    0.14285714285715    0.14285714285715    0.14285714285714             4
    0.28571428571428    0.14285714285715    0.14285714285714             4
    0.42857142857143    0.14285714285715    0.14285714285714             4
   -0.42857142857143    0.14285714285715    0.14285714285714             4
   -0.28571428571428    0.14285714285715    0.14285714285714             4
   -0.14285714285715    0.14285714285715    0.14285714285714             4
   -0.00000000000000    0.28571428571428    0.14285714285714             4
    0.14285714285715    0.28571428571428    0.14285714285714             4
    0.28571428571428    0.28571428571428    0.14285714285714             4
    0.42857142857143    0.28571428571428    0.14285714285714             4
   -0.42857142857143    0.28571428571428    0.14285714285714             4
   -0.28571428571428    0.28571428571428    0.14285714285714             4
   -0.14285714285715    0.28571428571428    0.14285714285714             4
   -0.00000000000000    0.42857142857143    0.14285714285714             4
    0.14285714285715    0.42857142857143    0.14285714285714             4
    0.28571428571428    0.42857142857143    0.14285714285714             4
    0.42857142857143    0.42857142857143    0.14285714285714             4
   -0.42857142857143    0.42857142857143    0.14285714285714             4
   -0.28571428571428    0.42857142857143    0.14285714285714             4
   -0.14285714285715    0.42857142857143    0.14285714285714             4
    0.00000000000000    0.00000000000000    0.28571428571429             2
    0.14285714285715   -0.00000000000000    0.28571428571429             4
    0.28571428571428   -0.00000000000000    0.28571428571429             4
    0.42857142857143    0.00000000000000    0.28571428571429             4
   -0.00000000000000    0.14285714285715    0.28571428571429             4
    0.14285714285715    0.14285714285715    0.28571428571429             4
    0.28571428571428    0.14285714285715    0.28571428571429             4
    0.42857142857143    0.14285714285715    0.28571428571429             4
   -0.42857142857143    0.14285714285715    0.28571428571429             4
   -0.28571428571428    0.14285714285715    0.28571428571429             4
   -0.14285714285715    0.14285714285715    0.28571428571429             4
   -0.00000000000000    0.28571428571428    0.28571428571429             4
    0.14285714285715    0.28571428571428    0.28571428571429             4
    0.28571428571428    0.28571428571428    0.28571428571429             4
    0.42857142857143    0.28571428571428    0.28571428571429             4
   -0.42857142857143    0.28571428571428    0.28571428571429             4
   -0.28571428571428    0.28571428571428    0.28571428571429             4
   -0.14285714285715    0.28571428571428    0.28571428571429             4
   -0.00000000000000    0.42857142857143    0.28571428571429             4
    0.14285714285715    0.42857142857143    0.28571428571429             4
    0.28571428571428    0.42857142857143    0.28571428571429             4
    0.42857142857143    0.42857142857143    0.28571428571429             4
   -0.42857142857143    0.42857142857143    0.28571428571429             4
   -0.28571428571428    0.42857142857143    0.28571428571429             4
   -0.14285714285715    0.42857142857143    0.28571428571429             4
    0.00000000000000    0.00000000000000    0.42857142857143             2
    0.14285714285715   -0.00000000000000    0.42857142857143             4
    0.28571428571428   -0.00000000000000    0.42857142857143             4
    0.42857142857143    0.00000000000000    0.42857142857143             4
   -0.00000000000000    0.14285714285715    0.42857142857143             4
    0.14285714285715    0.14285714285715    0.42857142857143             4
    0.28571428571428    0.14285714285715    0.42857142857143             4
    0.42857142857143    0.14285714285715    0.42857142857143             4
   -0.42857142857143    0.14285714285715    0.42857142857143             4
   -0.28571428571428    0.14285714285715    0.42857142857143             4
   -0.14285714285715    0.14285714285715    0.42857142857143             4
   -0.00000000000000    0.28571428571428    0.42857142857143             4
    0.14285714285715    0.28571428571428    0.42857142857143             4
    0.28571428571428    0.28571428571428    0.42857142857143             4
    0.42857142857143    0.28571428571428    0.42857142857143             4
   -0.42857142857143    0.28571428571428    0.42857142857143             4
   -0.28571428571428    0.28571428571428    0.42857142857143             4
   -0.14285714285715    0.28571428571428    0.42857142857143             4
   -0.00000000000000    0.42857142857143    0.42857142857143             4
    0.14285714285715    0.42857142857143    0.42857142857143             4
    0.28571428571428    0.42857142857143    0.42857142857143             4
    0.42857142857143    0.42857142857143    0.42857142857143             4
   -0.42857142857143    0.42857142857143    0.42857142857143             4
   -0.28571428571428    0.42857142857143    0.42857142857143             4
   -0.14285714285715    0.42857142857143    0.42857142857143             4
Tetrahedra
      1017    0.00048590864917
         2         1         2         5        27
         2         2         5         6        27
         2         5         6        27        31
         2         1         5        26        27
         2         5        26        27        30
         2         5        27        30        31
         2         2         3         6        28
         2         3         6         7        28
         2         6         7        28        32
         2         2         6        27        28
         2         6        27        28        31
         2         6        28        31        32
         2         3         4         7        29
         2         4         7         8        29
         2         7         8        29        33
         2         3         7        28        29
         2         7        28        29        32
         2         7        29        32        33
         2         4         4         8        29
         2         4         8         9        29
         2         8         9        29        34
         2         4         8        29        29
         2         8        29        29        33
         2         8        29        33        34
         2         3         4         9        28
         2         3         9        10        28
         2         9        10        28        35
         2         4         9        28        29
         2         9        28        29        34
         2         9        28        34        35
         2         2         3        10        27
         2         2        10        11        27
         2        10        11        27        36
         2         3        10        27        28
         2        10        27        28        35
         2        10        27        35        36
         2         1         2        11        26
         2         1         5        11        26
         2         5        11        26        30
         2         2        11        26        27
         2        11        26        27        36
         2        11        26        30        36
         2         5         6        12        31
         2         6        12        13        31
         2        12        13        31        38
         2         5        12        30        31
         2        12        30        31        37
         2        12        31        37        38
         2         6         7        13        32
         2         7        13        14        32
         2        13        14        32        39
         2         6        13        31        32
         2        13        31        32        38
         2        13        32        38        39
         2         7         8        14        33
         2         8        14        15        33
         2        14        15        33        40
         2         7        14        32        33
         2        14        32        33        39
         2        14        33        39        40
         2         8         9        15        34
         2         9        15        16        34
         2        15        16        34        41
         2         8        15        33        34
         2        15        33        34        40
         2        15        34        40        41
         2         9        10        16        35
         2        10        16        17        35
         2        16        17        35        42
         2         9        16        34        35
         2        16        34        35        41
         2        16        35        41        42
         2        10        11        17        36
         2        11        17        18        36
         2        17        18        36        43
         2        10        17        35        36
         2        17        35        36        42
         2        17        36        42        43
         2         5        11        18        30
         2         5        12        18        30
         2        12        18        30        37
         2        11        18        30        36
         2        18        30        36        43
         2        18        30        37        43
         2        12        13        19        38
         2        13        19        20        38
         2        19        20        38        45
         2        12        19        37        38
         2        19        37        38        44
         2        19        38        44        45
         2        13        14        20        39
         2        14        20        21        39
         2        20        21        39        46
         2        13        20        38        39
         2        20        38        39        45
         2        20        39        45        46
         2        14        15        21        40
         2        15        21        22        40
         2        21        22        40        47
         2        14        21        39        40
         2        21        39        40        46
         2        21        40        46        47
         2        15        16        22        41
         2        16        22        23        41
         2        22        23        41        48
         2        15        22        40        41
         2        22        40        41        47
         2        22        41        47        48
         2        16        17        23        42
         2        17        23        24        42
         2        23        24        42        49
         2        16        23        41        42
         2        23        41        42        48
         2        23        42        48        49
         2        17        18        24        43
         2        18        24        25        43
         2        24        25        43        50
         2        17        24        42        43
         2        24        42        43        49
         2        24        43        49        50
         2        12        18        25        37
         2        12        19        25        37
         2        19        25        37        44
         2        18        25        37        43
         2        25        37        43        50
         2        25        37        44        50
         2        19        19        20        45
         2        19        20        25        45
         2        19        25        45        50
         2        19        19        44        45
         2        19        44        44        45
         2        19        44        45        50
         2        20        21        25        46
         2        21        24        25        46
         2        24        25        46        49
         2        20        25        45        46
         2        25        45        46        50
         2        25        46        49        50
         2        21        22        24        47
         2        22        23        24        47
         2        23        24        47        48
         2        21        24        46        47
         2        24        46        47        49
         2        24        47        48        49
         4        22        23        23        48
         4        22        23        47        48
         4        23        47        48        48
         2        22        23        24        49
         2        21        22        24        49
         2        21        22        46        49
         2        22        23        48        49
         2        22        47        48        49
         2        22        46        47        49
         2        21        24        25        50
         2        20        21        25        50
         2        20        21        45        50
         2        21        24        49        50
         2        21        46        49        50
         2        21        45        46        50
         2        19        20        25        44
         2        19        19        20        44
         2        19        20        44        44
         2        20        25        44        50
         2        20        44        45        50
         2        20        44        44        45
         2        12        19        25        50
         2        12        18        25        50
         2        12        18        43        50
         2        12        19        44        50
         2        12        37        44        50
         2        12        37        43        50
         2        18        24        25        49
         2        17        18        24        49
         2        17        18        42        49
         2        18        25        49        50
         2        18        43        49        50
         2        18        42        43        49
         2        17        23        24        48
         2        16        17        23        48
         2        16        17        41        48
         2        17        24        48        49
         2        17        42        48        49
         2        17        41        42        48
         2        16        22        23        47
         2        15        16        22        47
         2        15        16        40        47
         2        16        23        47        48
         2        16        41        47        48
         2        16        40        41        47
         2        15        21        22        46
         2        14        15        21        46
         2        14        15        39        46
         2        15        22        46        47
         2        15        40        46        47
         2        15        39        40        46
         2        14        20        21        45
         2        13        14        20        45
         2        13        14        38        45
         2        14        21        45        46
         2        14        39        45        46
         2        14        38        39        45
         2        13        19        20        44
         2        12        13        19        44
         2        12        13        37        44
         2        13        20        44        45
         2        13        38        44        45
         2        13        37        38        44
         2         5        12        18        43
         2         5        11        18        43
         2         5        11        36        43
         2         5        12        37        43
         2         5        30        37        43
         2         5        30        36        43
         2        11        17        18        42
         2        10        11        17        42
         2        10        11        35        42
         2        11        18        42        43
         2        11        36        42        43
         2        11        35        36        42
         2        10        16        17        41
         2         9        10        16        41
         2         9        10        34        41
         2        10        17        41        42
         2        10        35        41        42
         2        10        34        35        41
         2         9        15        16        40
         2         8         9        15        40
         2         8         9        33        40
         2         9        16        40        41
         2         9        34        40        41
         2         9        33        34        40
         2         8        14        15        39
         2         7         8        14        39
         2         7         8        32        39
         2         8        15        39        40
         2         8        33        39        40
         2         8        32        33        39
         2         7        13        14        38
         2         6         7        13        38
         2         6         7        31        38
         2         7        14        38        39
         2         7        32        38        39
         2         7        31        32        38
         2         6        12        13        37
         2         5         6        12        37
         2         5         6        30        37
         2         6        13        37        38
         2         6        31        37        38
         2         6        30        31        37
         2         1         5        11        36
         2         1         2        11        36
         2         1         2        27        36
         2         1         5        30        36
         2         1        26        30        36
         2         1        26        27        36
         2         2        10        11        35
         2         2         3        10        35
         2         2         3        28        35
         2         2        11        35        36
         2         2        27        35        36
         2         2        27        28        35
         2         3         9        10        34
         2         3         4         9        34
         2         3         4        29        34
         2         3        10        34        35
         2         3        28        34        35
         2         3        28        29        34
         2         4         8         9        33
         2         4         4         8        33
         2         4         4        29        33
         2         4         9        33        34
         2         4        29        33        34
         2         4        29        29        33
         2         4         7         8        32
         2         3         4         7        32
         2         3         4        28        32
         2         4         8        32        33
         2         4        29        32        33
         2         4        28        29        32
         2         3         6         7        31
         2         2         3         6        31
         2         2         3        27        31
         2         3         7        31        32
         2         3        28        31        32
         2         3        27        28        31
         2         2         5         6        30
         2         1         2         5        30
         2         1         2        26        30
         2         2         6        30        31
         2         2        27        30        31
         2         2        26        27        30
         2        26        27        30        52
         2        27        30        31        52
         2        30        31        52        56
         2        26        30        51        52
         2        30        51        52        55
         2        30        52        55        56
         2        27        28        31        53
         2        28        31        32        53
         2        31        32        53        57
         2        27        31        52        53
         2        31        52        53        56
         2        31        53        56        57
         2        28        29        32        54
         2        29        32        33        54
         2        32        33        54        58
         2        28        32        53        54
         2        32        53        54        57
         2        32        54        57        58
         2        29        29        33        54
         2        29        33        34        54
         2        33        34        54        59
         2        29        33        54        54
         2        33        54        54        58
         2        33        54        58        59
         2        28        29        34        53
         2        28        34        35        53
         2        34        35        53        60
         2        29        34        53        54
         2        34        53        54        59
         2        34        53        59        60
         2        27        28        35        52
         2        27        35        36        52
         2        35        36        52        61
         2        28        35        52        53
         2        35        52        53        60
         2        35        52        60        61
         2        26        27        36        51
         2        26        30        36        51
         2        30        36        51        55
         2        27        36        51        52
         2        36        51        52        61
         2        36        51        55        61
         2        30        31        37        56
         2        31        37        38        56
         2        37        38        56        63
         2        30        37        55        56
         2        37        55        56        62
         2        37        56        62        63
         2        31        32        38        57
         2        32        38        39        57
         2        38        39        57        64
         2        31        38        56        57
         2        38        56        57        63
         2        38        57        63        64
         2        32        33        39        58
         2        33        39        40        58
         2        39        40        58        65
         2        32        39        57        58
         2        39        57        58        64
         2        39        58        64        65
         2        33        34        40        59
         2        34        40        41        59
         2        40        41        59        66
         2        33        40        58        59
         2        40        58        59        65
         2        40        59        65        66
         2        34        35        41        60
         2        35        41        42        60
         2        41        42        60        67
         2        34        41        59        60
         2        41        59        60        66
         2        41        60        66        67
         2        35        36        42        61
         2        36        42        43        61
         2        42        43        61        68
         2        35        42        60        61
         2        42        60        61        67
         2        42        61        67        68
         2        30        36        43        55
         2        30        37        43        55
         2        37        43        55        62
         2        36        43        55        61
         2        43        55        61        68
         2        43        55        62        68
         2        37        38        44        63
         2        38        44        45        63
         2        44        45        63        70
         2        37        44        62        63
         2        44        62        63        69
         2        44        63        69        70
         2        38        39        45        64
         2        39        45        46        64
         2        45        46        64        71
         2        38        45        63        64
         2        45        63        64        70
         2        45        64        70        71
         2        39        40        46        65
         2        40        46        47        65
         2        46        47        65        72
         2        39        46        64        65
         2        46        64        65        71
         2        46        65        71        72
         2        40        41        47        66
         2        41        47        48        66
         2        47        48        66        73
         2        40        47        65        66
         2        47        65        66        72
         2        47        66        72        73
         2        41        42        48        67
         2        42        48        49        67
         2        48        49        67        74
         2        41        48        66        67
         2        48        66        67        73
         2        48        67        73        74
         2        42        43        49        68
         2        43        49        50        68
         2        49        50        68        75
         2        42        49        67        68
         2        49        67        68        74
         2        49        68        74        75
         2        37        43        50        62
         2        37        44        50        62
         2        44        50        62        69
         2        43        50        62        68
         2        50        62        68        75
         2        50        62        69        75
         2        44        44        45        70
         2        44        45        50        70
         2        44        50        70        75
         2        44        44        69        70
         2        44        69        69        70
         2        44        69        70        75
         2        45        46        50        71
         2        46        49        50        71
         2        49        50        71        74
         2        45        50        70        71
         2        50        70        71        75
         2        50        71        74        75
         2        46        47        49        72
         2        47        48        49        72
         2        48        49        72        73
         2        46        49        71        72
         2        49        71        72        74
         2        49        72        73        74
         4        47        48        48        73
         4        47        48        72        73
         4        48        72        73        73
         2        47        48        49        74
         2        46        47        49        74
         2        46        47        71        74
         2        47        48        73        74
         2        47        72        73        74
         2        47        71        72        74
         2        46        49        50        75
         2        45        46        50        75
         2        45        46        70        75
         2        46        49        74        75
         2        46        71        74        75
         2        46        70        71        75
         2        44        45        50        69
         2        44        44        45        69
         2        44        45        69        69
         2        45        50        69        75
         2        45        69        70        75
         2        45        69        69        70
         2        37        44        50        75
         2        37        43        50        75
         2        37        43        68        75
         2        37        44        69        75
         2        37        62        69        75
         2        37        62        68        75
         2        43        49        50        74
         2        42        43        49        74
         2        42        43        67        74
         2        43        50        74        75
         2        43        68        74        75
         2        43        67        68        74
         2        42        48        49        73
         2        41        42        48        73
         2        41        42        66        73
         2        42        49        73        74
         2        42        67        73        74
         2        42        66        67        73
         2        41        47        48        72
         2        40        41        47        72
         2        40        41        65        72
         2        41        48        72        73
         2        41        66        72        73
         2        41        65        66        72
         2        40        46        47        71
         2        39        40        46        71
         2        39        40        64        71
         2        40        47        71        72
         2        40        65        71        72
         2        40        64        65        71
         2        39        45        46        70
         2        38        39        45        70
         2        38        39        63        70
         2        39        46        70        71
         2        39        64        70        71
         2        39        63        64        70
         2        38        44        45        69
         2        37        38        44        69
         2        37        38        62        69
         2        38        45        69        70
         2        38        63        69        70
         2        38        62        63        69
         2        30        37        43        68
         2        30        36        43        68
         2        30        36        61        68
         2        30        37        62        68
         2        30        55        62        68
         2        30        55        61        68
         2        36        42        43        67
         2        35        36        42        67
         2        35        36        60        67
         2        36        43        67        68
         2        36        61        67        68
         2        36        60        61        67
         2        35        41        42        66
         2        34        35        41        66
         2        34        35        59        66
         2        35        42        66        67
         2        35        60        66        67
         2        35        59        60        66
         2        34        40        41        65
         2        33        34        40        65
         2        33        34        58        65
         2        34        41        65        66
         2        34        59        65        66
         2        34        58        59        65
         2        33        39        40        64
         2        32        33        39        64
         2        32        33        57        64
         2        33        40        64        65
         2        33        58        64        65
         2        33        57        58        64
         2        32        38        39        63
         2        31        32        38        63
         2        31        32        56        63
         2        32        39        63        64
         2        32        57        63        64
         2        32        56        57        63
         2        31        37        38        62
         2        30        31        37        62
         2        30        31        55        62
         2        31        38        62        63
         2        31        56        62        63
         2        31        55        56        62
         2        26        30        36        61
         2        26        27        36        61
         2        26        27        52        61
         2        26        30        55        61
         2        26        51        55        61
         2        26        51        52        61
         2        27        35        36        60
         2        27        28        35        60
         2        27        28        53        60
         2        27        36        60        61
         2        27        52        60        61
         2        27        52        53        60
         2        28        34        35        59
         2        28        29        34        59
         2        28        29        54        59
         2        28        35        59        60
         2        28        53        59        60
         2        28        53        54        59
         2        29        33        34        58
         2        29        29        33        58
         2        29        29        54        58
         2        29        34        58        59
         2        29        54        58        59
         2        29        54        54        58
         2        29        32        33        57
         2        28        29        32        57
         2        28        29        53        57
         2        29        33        57        58
         2        29        54        57        58
         2        29        53        54        57
         2        28        31        32        56
         2        27        28        31        56
         2        27        28        52        56
         2        28        32        56        57
         2        28        53        56        57
         2        28        52        53        56
         2        27        30        31        55
         2        26        27        30        55
         2        26        27        51        55
         2        27        31        55        56
         2        27        52        55        56
         2        27        51        52        55
         2        51        52        55        77
         2        52        55        56        77
         2        55        56        77        81
         2        51        55        76        77
         2        55        76        77        80
         2        55        77        80        81
         2        52        53        56        78
         2        53        56        57        78
         2        56        57        78        82
         2        52        56        77        78
         2        56        77        78        81
         2        56        78        81        82
         2        53        54        57        79
         2        54        57        58        79
         2        57        58        79        83
         2        53        57        78        79
         2        57        78        79        82
         2        57        79        82        83
         2        54        54        58        79
         2        54        58        59        79
         2        58        59        79        84
         2        54        58        79        79
         2        58        79        79        83
         2        58        79        83        84
         2        53        54        59        78
         2        53        59        60        78
         2        59        60        78        85
         2        54        59        78        79
         2        59        78        79        84
         2        59        78        84        85
         2        52        53        60        77
         2        52        60        61        77
         2        60        61        77        86
         2        53        60        77        78
         2        60        77        78        85
         2        60        77        85        86
         2        51        52        61        76
         2        51        55        61        76
         2        55        61        76        80
         2        52        61        76        77
         2        61        76        77        86
         2        61        76        80        86
         2        55        56        62        81
         2        56        62        63        81
         2        62        63        81        88
         2        55        62        80        81
         2        62        80        81        87
         2        62        81        87        88
         2        56        57        63        82
         2        57        63        64        82
         2        63        64        82        89
         2        56        63        81        82
         2        63        81        82        88
         2        63        82        88        89
         2        57        58        64        83
         2        58        64        65        83
         2        64        65        83        90
         2        57        64        82        83
         2        64        82        83        89
         2        64        83        89        90
         2        58        59        65        84
         2        59        65        66        84
         2        65        66        84        91
         2        58        65        83        84
         2        65        83        84        90
         2        65        84        90        91
         2        59        60        66        85
         2        60        66        67        85
         2        66        67        85        92
         2        59        66        84        85
         2        66        84        85        91
         2        66        85        91        92
         2        60        61        67        86
         2        61        67        68        86
         2        67        68        86        93
         2        60        67        85        86
         2        67        85        86        92
         2        67        86        92        93
         2        55        61        68        80
         2        55        62        68        80
         2        62        68        80        87
         2        61        68        80        86
         2        68        80        86        93
         2        68        80        87        93
         2        62        63        69        88
         2        63        69        70        88
         2        69        70        88        95
         2        62        69        87        88
         2        69        87        88        94
         2        69        88        94        95
         2        63        64        70        89
         2        64        70        71        89
         2        70        71        89        96
         2        63        70        88        89
         2        70        88        89        95
         2        70        89        95        96
         2        64        65        71        90
         2        65        71        72        90
         2        71        72        90        97
         2        64        71        89        90
         2        71        89        90        96
         2        71        90        96        97
         2        65        66        72        91
         2        66        72        73        91
         2        72        73        91        98
         2        65        72        90        91
         2        72        90        91        97
         2        72        91        97        98
         2        66        67        73        92
         2        67        73        74        92
         2        73        74        92        99
         2        66        73        91        92
         2        73        91        92        98
         2        73        92        98        99
         2        67        68        74        93
         2        68        74        75        93
         2        74        75        93       100
         2        67        74        92        93
         2        74        92        93        99
         2        74        93        99       100
         2        62        68        75        87
         2        62        69        75        87
         2        69        75        87        94
         2        68        75        87        93
         2        75        87        93       100
         2        75        87        94       100
         2        69        69        70        95
         2        69        70        75        95
         2        69        75        95       100
         2        69        69        94        95
         2        69        94        94        95
         2        69        94        95       100
         2        70        71        75        96
         2        71        74        75        96
         2        74        75        96        99
         2        70        75        95        96
         2        75        95        96       100
         2        75        96        99       100
         2        71        72        74        97
         2        72        73        74        97
         2        73        74        97        98
         2        71        74        96        97
         2        74        96        97        99
         2        74        97        98        99
         4        72        73        73        98
         4        72        73        97        98
         4        73        97        98        98
         2        72        73        74        99
         2        71        72        74        99
         2        71        72        96        99
         2        72        73        98        99
         2        72        97        98        99
         2        72        96        97        99
         2        71        74        75       100
         2        70        71        75       100
         2        70        71        95       100
         2        71        74        99       100
         2        71        96        99       100
         2        71        95        96       100
         2        69        70        75        94
         2        69        69        70        94
         2        69        70        94        94
         2        70        75        94       100
         2        70        94        95       100
         2        70        94        94        95
         2        62        69        75       100
         2        62        68        75       100
         2        62        68        93       100
         2        62        69        94       100
         2        62        87        94       100
         2        62        87        93       100
         2        68        74        75        99
         2        67        68        74        99
         2        67        68        92        99
         2        68        75        99       100
         2        68        93        99       100
         2        68        92        93        99
         2        67        73        74        98
         2        66        67        73        98
         2        66        67        91        98
         2        67        74        98        99
         2        67        92        98        99
         2        67        91        92        98
         2        66        72        73        97
         2        65        66        72        97
         2        65        66        90        97
         2        66        73        97        98
         2        66        91        97        98
         2        66        90        91        97
         2        65        71        72        96
         2        64        65        71        96
         2        64        65        89        96
         2        65        72        96        97
         2        65        90        96        97
         2        65        89        90        96
         2        64        70        71        95
         2        63        64        70        95
         2        63        64        88        95
         2        64        71        95        96
         2        64        89        95        96
         2        64        88        89        95
         2        63        69        70        94
         2        62        63        69        94
         2        62        63        87        94
         2        63        70        94        95
         2        63        88        94        95
         2        63        87        88        94
         2        55        62        68        93
         2        55        61        68        93
         2        55        61        86        93
         2        55        62        87        93
         2        55        80        87        93
         2        55        80        86        93
         2        61        67        68        92
         2        60        61        67        92
         2        60        61        85        92
         2        61        68        92        93
         2        61        86        92        93
         2        61        85        86        92
         2        60        66        67        91
         2        59        60        66        91
         2        59        60        84        91
         2        60        67        91        92
         2        60        85        91        92
         2        60        84        85        91
         2        59        65        66        90
         2        58        59        65        90
         2        58        59        83        90
         2        59        66        90        91
         2        59        84        90        91
         2        59        83        84        90
         2        58        64        65        89
         2        57        58        64        89
         2        57        58        82        89
         2        58        65        89        90
         2        58        83        89        90
         2        58        82        83        89
         2        57        63        64        88
         2        56        57        63        88
         2        56        57        81        88
         2        57        64        88        89
         2        57        82        88        89
         2        57        81        82        88
         2        56        62        63        87
         2        55        56        62        87
         2        55        56        80        87
         2        56        63        87        88
         2        56        81        87        88
         2        56        80        81        87
         2        51        55        61        86
         2        51        52        61        86
         2        51        52        77        86
         2        51        55        80        86
         2        51        76        80        86
         2        51        76        77        86
         2        52        60        61        85
         2        52        53        60        85
         2        52        53        78        85
         2        52        61        85        86
         2        52        77        85        86
         2        52        77        78        85
         2        53        59        60        84
         2        53        54        59        84
         2        53        54        79        84
         2        53        60        84        85
         2        53        78        84        85
         2        53        78        79        84
         2        54        58        59        83
         2        54        54        58        83
         2        54        54        79        83
         2        54        59        83        84
         2        54        79        83        84
         2        54        79        79        83
         2        54        57        58        82
         2        53        54        57        82
         2        53        54        78        82
         2        54        58        82        83
         2        54        79        82        83
         2        54        78        79        82
         2        53        56        57        81
         2        52        53        56        81
         2        52        53        77        81
         2        53        57        81        82
         2        53        78        81        82
         2        53        77        78        81
         2        52        55        56        80
         2        51        52        55        80
         2        51        52        76        80
         2        52        56        80        81
         2        52        77        80        81
         2        52        76        77        80
         2        76        77        77        80
         2        77        77        80        81
         2        77        80        81        81
         2        76        76        77        80
         2        76        77        80        80
         2        77        80        80        81
         2        77        78        78        81
         2        78        78        81        82
         2        78        81        82        82
         2        77        77        78        81
         2        77        78        81        81
         2        78        81        81        82
         2        78        79        79        82
         2        79        79        82        83
         2        79        82        83        83
         2        78        78        79        82
         2        78        79        82        82
         2        79        82        82        83
         4        79        79        79        83
         2        79        79        83        84
         2        79        83        84        84
         2        79        79        83        83
         2        79        83        83        84
         2        78        78        79        84
         2        78        78        84        85
         2        78        84        85        85
         2        78        79        79        84
         2        78        79        84        84
         2        78        84        84        85
         2        77        77        78        85
         2        77        77        85        86
         2        77        85        86        86
         2        77        78        78        85
         2        77        78        85        85
         2        77        85        85        86
         2        76        76        77        86
         2        76        76        80        86
         2        76        80        80        86
         2        76        77        77        86
         2        76        77        86        86
         2        76        80        86        86
         2        80        81        81        87
         2        81        81        87        88
         2        81        87        88        88
         2        80        80        81        87
         2        80        81        87        87
         2        81        87        87        88
         2        81        82        82        88
         2        82        82        88        89
         2        82        88        89        89
         2        81        81        82        88
         2        81        82        88        88
         2        82        88        88        89
         2        82        83        83        89
         2        83        83        89        90
         2        83        89        90        90
         2        82        82        83        89
         2        82        83        89        89
         2        83        89        89        90
         2        83        84        84        90
         2        84        84        90        91
         2        84        90        91        91
         2        83        83        84        90
         2        83        84        90        90
         2        84        90        90        91
         2        84        85        85        91
         2        85        85        91        92
         2        85        91        92        92
         2        84        84        85        91
         2        84        85        91        91
         2        85        91        91        92
         2        85        86        86        92
         2        86        86        92        93
         2        86        92        93        93
         2        85        85        86        92
         2        85        86        92        92
         2        86        92        92        93
         2        80        80        86        93
         2        80        80        87        93
         2        80        87        87        93
         2        80        86        86        93
         2        80        86        93        93
         2        80        87        93        93
         2        87        88        88        94
         2        88        88        94        95
         2        88        94        95        95
         2        87        87        88        94
         2        87        88        94        94
         2        88        94        94        95
         2        88        89        89        95
         2        89        89        95        96
         2        89        95        96        96
         2        88        88        89        95
         2        88        89        95        95
         2        89        95        95        96
         2        89        90        90        96
         2        90        90        96        97
         2        90        96        97        97
         2        89        89        90        96
         2        89        90        96        96
         2        90        96        96        97
         2        90        91        91        97
         2        91        91        97        98
         2        91        97        98        98
         2        90        90        91        97
         2        90        91        97        97
         2        91        97        97        98
         2        91        92        92        98
         2        92        92        98        99
         2        92        98        99        99
         2        91        91        92        98
         2        91        92        98        98
         2        92        98        98        99
         2        92        93        93        99
         2        93        93        99       100
         2        93        99       100       100
         2        92        92        93        99
         2        92        93        99        99
         2        93        99        99       100
         2        87        87        93       100
         2        87        87        94       100
         2        87        94        94       100
         2        87        93        93       100
         2        87        93       100       100
         2        87        94       100       100
         2        94        94        95        95
         2        94        95        95       100
         2        94        95       100       100
         4        94        94        94        95
         2        94        94        95       100
         2        95        96        96       100
         2        96        96        99       100
         2        96        99        99       100
         2        95        95        96       100
         2        95        96       100       100
         2        96        99       100       100
         2        96        97        97        99
         2        97        97        98        99
         2        97        98        98        99
         2        96        96        97        99
         2        96        97        99        99
         2        97        98        99        99
         4        97        98        98        98
         2        97        97        98        98
