Automatically generated mesh
     169
Reciprocal lattice
    0.00000000000000    0.00000000000000    0.00000000000000             1
    0.12500000000000   -0.00000000000000   -0.00000000000000             4
    0.25000000000000   -0.00000000000000   -0.00000000000000             4
    0.37500000000000   -0.00000000000000   -0.00000000000000             4
    0.50000000000000   -0.00000000000000   -0.00000000000000             4
    0.12500000000000    0.12500000000000    0.00000000000000             2
    0.25000000000000    0.12500000000000   -0.00000000000000             4
    0.37500000000000    0.12500000000000   -0.00000000000000             8
    0.50000000000000    0.12500000000000    0.00000000000000             8
   -0.37500000000000    0.12500000000000   -0.00000000000000             4
   -0.25000000000000    0.12500000000000   -0.00000000000000             4
   -0.12500000000000    0.12500000000000   -0.00000000000000             2
    0.25000000000000    0.25000000000000    0.00000000000000             4
    0.37500000000000    0.25000000000000    0.00000000000000             4
    0.50000000000000    0.25000000000000   -0.00000000000000             8
   -0.37500000000000    0.25000000000000   -0.00000000000000             4
   -0.25000000000000    0.25000000000000   -0.00000000000000             2
    0.37500000000000    0.37500000000000   -0.00000000000000             2
    0.50000000000000    0.37500000000000    0.00000000000000             8
   -0.37500000000000    0.37500000000000   -0.00000000000000             2
    0.50000000000000    0.50000000000000    0.00000000000000             2
   -0.00000000000000    0.00000000000000    0.10000000000000             2
    0.12500000000000   -0.00000000000000    0.10000000000000             4
    0.25000000000000   -0.00000000000000    0.10000000000000             4
    0.37500000000000   -0.00000000000000    0.10000000000000             4
    0.50000000000000   -0.00000000000000    0.10000000000000             8
   -0.37500000000000    0.00000000000000    0.10000000000000             4
   -0.25000000000000    0.00000000000000    0.10000000000000             4
   -0.12500000000000    0.00000000000000    0.10000000000000             4
    0.12500000000000    0.12500000000000    0.10000000000000             2
    0.25000000000000    0.12500000000000    0.10000000000000             4
    0.37500000000000    0.12500000000000    0.10000000000000             8
    0.50000000000000    0.12500000000000    0.10000000000000             4
   -0.37500000000000    0.12500000000000    0.10000000000000             4
   -0.25000000000000    0.12500000000000    0.10000000000000             4
   -0.12500000000000    0.12500000000000    0.10000000000000             4
    0.25000000000000    0.25000000000000    0.10000000000000             4
    0.37500000000000    0.25000000000000    0.10000000000000             4
    0.50000000000000    0.25000000000000    0.10000000000000             4
   -0.37500000000000    0.25000000000000    0.10000000000000             4
   -0.25000000000000    0.25000000000000    0.10000000000000             4
   -0.12500000000000    0.25000000000000    0.10000000000000             4
    0.37500000000000    0.37500000000000    0.10000000000000             2
    0.50000000000000    0.37500000000000    0.10000000000000             4
   -0.37500000000000    0.37500000000000    0.10000000000000             4
   -0.25000000000000    0.37500000000000    0.10000000000000             4
   -0.12500000000000    0.37500000000000    0.10000000000000             4
    0.50000000000000    0.50000000000000    0.10000000000000             2
   -0.37500000000000    0.50000000000000    0.10000000000000             4
   -0.25000000000000    0.50000000000000    0.10000000000000             4
   -0.12500000000000    0.50000000000000    0.10000000000000             4
   -0.37500000000000   -0.37500000000000    0.10000000000000             2
   -0.25000000000000   -0.37500000000000    0.10000000000000             4
   -0.12500000000000   -0.37500000000000    0.10000000000000             8
   -0.25000000000000   -0.25000000000000    0.10000000000000             4
   -0.12500000000000   -0.25000000000000    0.10000000000000             4
   -0.12500000000000   -0.12500000000000    0.10000000000000             2
   -0.00000000000000    0.00000000000000    0.20000000000000             2
    0.12500000000000   -0.00000000000000    0.20000000000000             4
    0.25000000000000   -0.00000000000000    0.20000000000000             4
    0.37500000000000    0.00000000000000    0.20000000000000             4
    0.50000000000000   -0.00000000000000    0.20000000000000             8
   -0.37500000000000    0.00000000000000    0.20000000000000             4
   -0.25000000000000    0.00000000000000    0.20000000000000             4
   -0.12500000000000    0.00000000000000    0.20000000000000             4
    0.12500000000000    0.12500000000000    0.20000000000000             2
    0.25000000000000    0.12500000000000    0.20000000000000             4
    0.37500000000000    0.12500000000000    0.20000000000000             8
    0.50000000000000    0.12500000000000    0.20000000000000             4
   -0.37500000000000    0.12500000000000    0.20000000000000             4
   -0.25000000000000    0.12500000000000    0.20000000000000             4
   -0.12500000000000    0.12500000000000    0.20000000000000             4
    0.25000000000000    0.25000000000000    0.20000000000000             4
    0.37500000000000    0.25000000000000    0.20000000000000             4
    0.50000000000000    0.25000000000000    0.20000000000000             4
   -0.37500000000000    0.25000000000000    0.20000000000000             4
   -0.25000000000000    0.25000000000000    0.20000000000000             4
   -0.12500000000000    0.25000000000000    0.20000000000000             4
    0.37500000000000    0.37500000000000    0.20000000000000             2
    0.50000000000000    0.37500000000000    0.20000000000000             4
   -0.37500000000000    0.37500000000000    0.20000000000000             4
   -0.25000000000000    0.37500000000000    0.20000000000000             4
   -0.12500000000000    0.37500000000000    0.20000000000000             4
    0.50000000000000    0.50000000000000    0.20000000000000             2
   -0.37500000000000    0.50000000000000    0.20000000000000             4
   -0.25000000000000    0.50000000000000    0.20000000000000             4
   -0.12500000000000    0.50000000000000    0.20000000000000             4
   -0.37500000000000   -0.37500000000000    0.20000000000000             2
   -0.25000000000000   -0.37500000000000    0.20000000000000             4
   -0.12500000000000   -0.37500000000000    0.20000000000000             8
   -0.25000000000000   -0.25000000000000    0.20000000000000             4
   -0.12500000000000   -0.25000000000000    0.20000000000000             4
   -0.12500000000000   -0.12500000000000    0.20000000000000             2
   -0.00000000000000    0.00000000000000    0.30000000000000             2
    0.12500000000000   -0.00000000000000    0.30000000000000             4
    0.25000000000000   -0.00000000000000    0.30000000000000             4
    0.37500000000000   -0.00000000000000    0.30000000000000             4
   -0.37500000000000    0.00000000000000    0.30000000000000             4
   -0.25000000000000    0.00000000000000    0.30000000000000             4
   -0.12500000000000    0.00000000000000    0.30000000000000             4
    0.12500000000000    0.12500000000000    0.30000000000000             2
    0.25000000000000    0.12500000000000    0.30000000000000             4
    0.50000000000000    0.12500000000000    0.30000000000000             4
   -0.37500000000000    0.12500000000000    0.30000000000000             4
   -0.25000000000000    0.12500000000000    0.30000000000000             4
   -0.12500000000000    0.12500000000000    0.30000000000000             4
    0.37500000000000    0.25000000000000    0.30000000000000             4
    0.50000000000000    0.25000000000000    0.30000000000000             4
   -0.37500000000000    0.25000000000000    0.30000000000000             4
   -0.25000000000000    0.25000000000000    0.30000000000000             4
   -0.12500000000000    0.25000000000000    0.30000000000000             4
    0.37500000000000    0.37500000000000    0.30000000000000             2
    0.50000000000000    0.37500000000000    0.30000000000000             4
   -0.37500000000000    0.37500000000000    0.30000000000000             4
   -0.25000000000000    0.37500000000000    0.30000000000000             4
   -0.12500000000000    0.37500000000000    0.30000000000000             4
    0.50000000000000    0.50000000000000    0.30000000000000             2
   -0.37500000000000    0.50000000000000    0.30000000000000             4
   -0.25000000000000    0.50000000000000    0.30000000000000             4
   -0.12500000000000    0.50000000000000    0.30000000000000             4
   -0.37500000000000   -0.37500000000000    0.30000000000000             2
   -0.25000000000000   -0.37500000000000    0.30000000000000             4
   -0.12500000000000   -0.25000000000000    0.30000000000000             4
   -0.12500000000000   -0.12500000000000    0.30000000000000             2
   -0.00000000000000    0.00000000000000    0.40000000000000             2
    0.12500000000000   -0.00000000000000    0.40000000000000             4
    0.25000000000000   -0.00000000000000    0.40000000000000             4
    0.37500000000000   -0.00000000000000    0.40000000000000             4
   -0.37500000000000    0.00000000000000    0.40000000000000             4
   -0.25000000000000    0.00000000000000    0.40000000000000             4
   -0.12500000000000    0.00000000000000    0.40000000000000             4
    0.12500000000000    0.12500000000000    0.40000000000000             2
    0.25000000000000    0.12500000000000    0.40000000000000             4
    0.50000000000000    0.12500000000000    0.40000000000000             4
   -0.37500000000000    0.12500000000000    0.40000000000000             4
   -0.25000000000000    0.12500000000000    0.40000000000000             4
   -0.12500000000000    0.12500000000000    0.40000000000000             4
    0.37500000000000    0.25000000000000    0.40000000000000             4
    0.50000000000000    0.25000000000000    0.40000000000000             4
   -0.37500000000000    0.25000000000000    0.40000000000000             4
   -0.25000000000000    0.25000000000000    0.40000000000000             4
   -0.12500000000000    0.25000000000000    0.40000000000000             4
    0.37500000000000    0.37500000000000    0.40000000000000             2
    0.50000000000000    0.37500000000000    0.40000000000000             4
   -0.37500000000000    0.37500000000000    0.40000000000000             4
   -0.25000000000000    0.37500000000000    0.40000000000000             4
   -0.12500000000000    0.37500000000000    0.40000000000000             4
    0.50000000000000    0.50000000000000    0.40000000000000             2
   -0.37500000000000    0.50000000000000    0.40000000000000             4
   -0.25000000000000    0.50000000000000    0.40000000000000             4
   -0.12500000000000    0.50000000000000    0.40000000000000             4
   -0.37500000000000   -0.37500000000000    0.40000000000000             2
   -0.25000000000000   -0.37500000000000    0.40000000000000             4
   -0.12500000000000   -0.25000000000000    0.40000000000000             4
   -0.12500000000000   -0.12500000000000    0.40000000000000             2
    0.12500000000000    0.12500000000000    0.50000000000000             2
    0.25000000000000    0.12500000000000    0.50000000000000             4
    0.50000000000000    0.12500000000000    0.50000000000000             4
   -0.37500000000000    0.12500000000000    0.50000000000000             4
   -0.25000000000000    0.12500000000000    0.50000000000000             4
   -0.12500000000000    0.12500000000000    0.50000000000000             2
    0.37500000000000    0.25000000000000    0.50000000000000             4
    0.50000000000000    0.25000000000000    0.50000000000000             4
   -0.37500000000000    0.25000000000000    0.50000000000000             4
   -0.25000000000000    0.25000000000000    0.50000000000000             2
    0.37500000000000    0.37500000000000    0.50000000000000             2
    0.50000000000000    0.37500000000000    0.50000000000000             4
   -0.37500000000000    0.37500000000000    0.50000000000000             2
    0.50000000000000    0.50000000000000    0.50000000000000             1
Tetrahedra
       959    0.00026041666667
         4         1         2         6        22
         4         2         6        22        23
         4         6        22        23        30
         4         2         3         7        23
         4         2         6         7        23
         4         6         7        23        30
         4         3         7        23        24
         4         7        23        24        31
         4         7        23        30        31
         4         3         4         8        24
         4         3         7         8        24
         4         7         8        24        31
         4         4         8        24        25
         4         8        24        25        32
         4         8        24        31        32
         4         4         5         9        25
         4         4         8         9        25
         4         8         9        25        32
         4         5         9        25        26
         4         9        25        26        33
         4         9        25        32        33
         4         4         5        10        26
         4         5         9        10        26
         4         9        10        26        33
         4         4        10        26        27
         4        10        26        27        34
         4        10        26        33        34
         4         3         4        11        27
         4         4        10        11        27
         4        10        11        27        34
         4         3        11        27        28
         4        11        27        28        35
         4        11        27        34        35
         4         2         3        12        28
         4         3        11        12        28
         4        11        12        28        35
         4         2        12        28        29
         4        12        28        29        36
         4        12        28        35        36
         4         1         2         2        29
         4         2         2        12        29
         4         2        12        29        36
         4         1         2        22        29
         4         2        22        23        29
         4         2        23        29        36
         4         6         7        13        30
         4         7        13        30        31
         4        13        30        31        37
         4         7         8        14        31
         4         7        13        14        31
         4        13        14        31        37
         4         8        14        31        32
         4        14        31        32        38
         4        14        31        37        38
         8         8         9        15        32
         4         8        14        15        32
         4        14        15        32        38
         4         9        15        32        33
         4        15        32        33        39
         4        15        32        38        39
         4         9        10        16        33
         4         9        15        16        33
         4        15        16        33        39
         4        10        16        33        34
         4        16        33        34        40
         4        16        33        39        40
         4        10        11        17        34
         4        10        16        17        34
         4        16        17        34        40
         4        11        17        34        35
         4        17        34        35        41
         4        17        34        40        41
         4        11        11        12        35
         4        11        11        17        35
         4        11        17        35        41
         4        11        12        35        36
         4        11        35        36        42
         4        11        35        41        42
         4         2         3        12        36
         4         3        11        12        36
         4         3        11        36        42
         4         2         3        23        36
         4         3        23        24        36
         4         3        24        36        42
         4        13        14        18        37
         4        14        18        37        38
         4        18        37        38        43
         4        14        15        19        38
         4        14        18        19        38
         4        18        19        38        43
         4        15        19        38        39
         4        19        38        39        44
         4        19        38        43        44
         4        15        16        20        39
         4        15        19        20        39
         4        19        20        39        44
         4        16        20        39        40
         4        20        39        40        45
         4        20        39        44        45
         4        16        16        17        40
         4        16        16        20        40
         4        16        20        40        45
         4        16        17        40        41
         4        16        40        41        46
         4        16        40        45        46
         4        10        11        17        41
         4        10        16        17        41
         4        10        16        41        46
         4        10        11        41        42
         4        10        41        42        47
         4        10        41        46        47
         4         3         4        11        42
         4         4        10        11        42
         4         4        10        42        47
         4         3         4        24        42
         4         4        24        25        42
         4         4        25        42        47
         4        18        19        21        43
         4        19        21        43        44
         4        21        43        44        48
         4        19        19        20        44
         4        19        19        21        44
         4        19        21        44        48
         4        19        20        44        45
         4        19        44        45        49
         4        19        44        48        49
         4        15        16        20        45
         4        15        19        20        45
         4        15        19        45        49
         4        15        16        45        46
         4        15        45        46        50
         4        15        45        49        50
         4         9        10        16        46
         4         9        15        16        46
         4         9        15        46        50
         4         9        10        46        47
         4         9        46        47        51
         4         9        46        50        51
         4         4         5        10        47
         4         5         9        10        47
         4         5         9        47        51
         4         4         5        25        47
         4         5        25        26        47
         4         5        26        47        51
         4        18        19        21        48
         4        18        19        48        49
         4        18        48        49        52
         4        14        15        19        49
         4        14        18        19        49
         4        14        18        49        52
         4        14        15        49        50
         4        14        49        50        53
         4        14        49        52        53
         4         8         9        15        50
         4         8        14        15        50
         4         8        14        50        53
         4         8         9        50        51
         4         8        50        51        54
         4         8        50        53        54
         4         4         5         9        51
         4         4         8         9        51
         4         4         8        51        54
         4         4         5        26        51
         4         4        26        27        51
         4         4        27        51        54
         4        13        14        18        52
         4        13        14        52        53
         4        13        52        53        55
         4         7         8        14        53
         4         7        13        14        53
         4         7        13        53        55
         4         7         8        53        54
         4         7        53        54        56
         4         7        53        55        56
         4         3         4         8        54
         4         3         7         8        54
         4         3         7        54        56
         4         3         4        27        54
         4         3        27        28        54
         4         3        28        54        56
         4         6         7        13        55
         4         6         7        55        56
         4         6        55        56        57
         4         2         3         7        56
         4         2         6         7        56
         4         2         6        56        57
         4         2         3        28        56
         4         2        28        29        56
         4         2        29        56        57
         4         1         2         6        57
         4         1         2        29        57
         4         1        22        29        57
         4        22        23        30        58
         4        23        30        58        59
         4        30        58        59        66
         4        23        24        31        59
         4        23        30        31        59
         4        30        31        59        66
         4        24        31        59        60
         4        31        59        60        67
         4        31        59        66        67
         4        24        25        32        60
         4        24        31        32        60
         4        31        32        60        67
         4        25        32        60        61
         4        32        60        61        68
         4        32        60        67        68
         4        25        26        33        61
         4        25        32        33        61
         4        32        33        61        68
         4        26        33        61        62
         4        33        61        62        69
         4        33        61        68        69
         4        26        27        34        62
         4        26        33        34        62
         4        33        34        62        69
         4        27        34        62        63
         4        34        62        63        70
         4        34        62        69        70
         4        27        28        35        63
         4        27        34        35        63
         4        34        35        63        70
         4        28        35        63        64
         4        35        63        64        71
         4        35        63        70        71
         4        28        29        36        64
         4        28        35        36        64
         4        35        36        64        71
         4        29        36        64        65
         4        36        64        65        72
         4        36        64        71        72
         4        22        23        29        65
         4        23        29        36        65
         4        23        36        65        72
         4        22        23        58        65
         4        23        58        59        65
         4        23        59        65        72
         4        30        31        37        66
         4        31        37        66        67
         4        37        66        67        73
         4        31        32        38        67
         4        31        37        38        67
         4        37        38        67        73
         4        32        38        67        68
         4        38        67        68        74
         4        38        67        73        74
         4        32        33        39        68
         4        32        38        39        68
         4        38        39        68        74
         4        33        39        68        69
         4        39        68        69        75
         4        39        68        74        75
         4        33        34        40        69
         4        33        39        40        69
         4        39        40        69        75
         4        34        40        69        70
         4        40        69        70        76
         4        40        69        75        76
         4        34        35        41        70
         4        34        40        41        70
         4        40        41        70        76
         4        35        41        70        71
         4        41        70        71        77
         4        41        70        76        77
         4        35        36        42        71
         4        35        41        42        71
         4        41        42        71        77
         4        36        42        71        72
         4        42        71        72        78
         4        42        71        77        78
         4        23        24        36        72
         4        24        36        42        72
         4        24        42        72        78
         4        23        24        59        72
         4        24        59        60        72
         4        24        60        72        78
         4        37        38        43        73
         4        38        43        73        74
         4        43        73        74        79
         4        38        39        44        74
         4        38        43        44        74
         4        43        44        74        79
         4        39        44        74        75
         4        44        74        75        80
         4        44        74        79        80
         4        39        40        45        75
         4        39        44        45        75
         4        44        45        75        80
         4        40        45        75        76
         4        45        75        76        81
         4        45        75        80        81
         4        40        41        46        76
         4        40        45        46        76
         4        45        46        76        81
         4        41        46        76        77
         4        46        76        77        82
         4        46        76        81        82
         4        41        42        47        77
         4        41        46        47        77
         4        46        47        77        82
         4        42        47        77        78
         4        47        77        78        83
         4        47        77        82        83
         4        24        25        42        78
         4        25        42        47        78
         4        25        47        78        83
         4        24        25        60        78
         4        25        60        61        78
         4        25        61        78        83
         4        43        44        48        79
         4        44        48        79        80
         4        48        79        80        84
         4        44        45        49        80
         4        44        48        49        80
         4        48        49        80        84
         4        45        49        80        81
         4        49        80        81        85
         4        49        80        84        85
         4        45        46        50        81
         4        45        49        50        81
         4        49        50        81        85
         4        46        50        81        82
         4        50        81        82        86
         4        50        81        85        86
         4        46        47        51        82
         4        46        50        51        82
         4        50        51        82        86
         4        47        51        82        83
         4        51        82        83        87
         4        51        82        86        87
         4        25        26        47        83
         4        26        47        51        83
         4        26        51        83        87
         4        25        26        61        83
         4        26        61        62        83
         4        26        62        83        87
         4        48        49        52        84
         4        49        52        84        85
         4        52        84        85        88
         4        49        50        53        85
         4        49        52        53        85
         4        52        53        85        88
         4        50        53        85        86
         4        53        85        86        89
         4        53        85        88        89
         4        50        51        54        86
         4        50        53        54        86
         4        53        54        86        89
         4        51        54        86        87
         4        54        86        87        90
         4        54        86        89        90
         4        26        27        51        87
         4        27        51        54        87
         4        27        54        87        90
         4        26        27        62        87
         4        27        62        63        87
         4        27        63        87        90
         4        52        53        55        88
         4        53        55        88        89
         4        55        88        89        91
         4        53        54        56        89
         4        53        55        56        89
         4        55        56        89        91
         4        54        56        89        90
         4        56        89        90        92
         4        56        89        91        92
         4        27        28        54        90
         4        28        54        56        90
         4        28        56        90        92
         4        27        28        63        90
         4        28        63        64        90
         4        28        64        90        92
         4        55        56        57        91
         4        56        57        91        92
         4        57        91        92        93
         4        28        29        56        92
         4        29        56        57        92
         4        29        57        92        93
         4        28        29        64        92
         4        29        64        65        92
         4        29        65        92        93
         4        22        29        57        93
         4        22        29        65        93
         4        22        58        65        93
         4        58        59        66        94
         4        59        66        94        95
         4        66        94        95       101
         4        59        60        67        95
         4        59        66        67        95
         4        66        67        95       101
         4        60        67        95        96
         4        67        95        96       102
         4        67        95       101       102
         4        60        61        68        96
         4        60        67        68        96
         4        67        68        96       102
         4        61        68        96        97
         4        68        68        96        97
         4        68        68        96       102
         4        61        62        69        97
         4        61        68        69        97
         4        68        68        69        97
         4        62        62        69        97
         4        62        69        97       103
         4        68        69        97       103
         4        62        62        63        70
         4        62        62        69        70
         4        62        69        70       103
         4        62        63        70        98
         4        62        70        98       104
         4        62        70       103       104
         4        63        64        71        98
         4        63        70        71        98
         4        70        71        98       104
         4        64        71        98        99
         4        71        98        99       105
         4        71        98       104       105
         4        64        65        72        99
         4        64        71        72        99
         4        71        72        99       105
         4        65        72        99       100
         4        72        99       100       106
         4        72        99       105       106
         4        58        59        65       100
         4        59        65        72       100
         4        59        72       100       106
         4        58        59        94       100
         4        59        94        95       100
         4        59        95       100       106
         4        66        67        73       101
         4        67        73       101       102
         4        73        73       101       102
         4        67        68        74       102
         4        67        73        74       102
         4        73        73        74       102
         4        68        68        74       102
         4        68        74       102       107
         4        73        74       102       107
         4        68        68        69        75
         4        68        68        74        75
         4        68        74        75       107
         4        68        69        75       103
         4        68        75       103       108
         4        68        75       107       108
         4        69        70        76       103
         4        69        75        76       103
         4        75        76       103       108
         4        70        76       103       104
         4        76       103       104       109
         4        76       103       108       109
         4        70        71        77       104
         4        70        76        77       104
         4        76        77       104       109
         4        71        77       104       105
         4        77       104       105       110
         4        77       104       109       110
         4        71        72        78       105
         4        71        77        78       105
         4        77        78       105       110
         4        72        78       105       106
         4        78       105       106       111
         4        78       105       110       111
         4        59        60        72       106
         4        60        72        78       106
         4        60        78       106       111
         4        59        60        95       106
         4        60        95        96       106
         4        60        96       106       111
         4        73        73        74        79
         4        73        74        79       107
         4        73        79       107       112
         4        74        75        80       107
         4        74        79        80       107
         4        79        80       107       112
         4        75        80       107       108
         4        80       107       108       113
         4        80       107       112       113
         4        75        76        81       108
         4        75        80        81       108
         4        80        81       108       113
         4        76        81       108       109
         4        81       108       109       114
         4        81       108       113       114
         4        76        77        82       109
         4        76        81        82       109
         4        81        82       109       114
         4        77        82       109       110
         4        82       109       110       115
         4        82       109       114       115
         4        77        78        83       110
         4        77        82        83       110
         4        82        83       110       115
         4        78        83       110       111
         4        83       110       111       116
         4        83       110       115       116
         4        60        61        78       111
         4        61        78        83       111
         4        61        83       111       116
         4        60        61        96       111
         4        61        96        97       111
         4        61        97       111       116
         4        79        80        84       112
         4        80        84       112       113
         4        84       112       113       117
         4        80        81        85       113
         4        80        84        85       113
         4        84        85       113       117
         4        81        85       113       114
         4        85       113       114       118
         4        85       113       117       118
         4        81        82        86       114
         4        81        85        86       114
         4        85        86       114       118
         4        82        86       114       115
         4        86       114       115       119
         4        86       114       118       119
         4        82        83        87       115
         4        82        86        87       115
         4        86        87       115       119
         4        83        87       115       116
         4        87       115       116       120
         4        87       115       119       120
         4        61        62        83       116
         4        62        83        87       116
         4        62        87       116       120
         4        61        62        97       116
         4        62        62        97       116
         4        62        62       116       120
         4        84        85        88       117
         4        85        88       117       118
         4        88       117       118       121
         4        85        86        89       118
         4        85        88        89       118
         4        88        89       118       121
         4        86        89       118       119
         4        89       118       119       122
         4        89       118       121       122
         4        86        87        90       119
         4        86        89        90       119
         4        89        90       119       122
         4        87        90       119       120
         4        90        90       119       120
         4        90        90       119       122
         4        62        63        87       120
         4        63        87        90       120
         4        63        90        90       120
         4        62        62        63       120
         4        62        63        98       120
         4        63        90        98       120
         4        88        89        91       121
         4        89        91       121       122
         4        91        91       121       122
         4        89        90        92       122
         4        89        91        92       122
         4        91        91        92       122
         4        90        90        92       122
         4        90        92       122       123
         4        91        92       122       123
         4        63        64        90        90
         4        64        90        90        92
         4        64        90        92       123
         4        63        64        90        98
         4        64        90        98        99
         4        64        90        99       123
         4        91        91        92        93
         4        91        92        93       123
         4        91        93       123       124
         4        64        65        92       123
         4        65        92        93       123
         4        65        93       123       124
         4        64        65        99       123
         4        65        99       100       123
         4        65       100       123       124
         4        58        65        93       124
         4        58        65       100       124
         4        58        94       100       124
         4        94        95       101       125
         4        95       101       125       126
         4       101       125       126       132
         4        95        96       102       126
         4        95       101       102       126
         4       101       102       126       132
         4        96       102       126       127
         4       102       126       127       133
         4       102       126       132       133
         4        68        96        97       127
         4        68        96       102       127
         4        68       102       127       133
         4        68        97       127       128
         4        32        68       127       128
         4        32        68       127       133
         4        62        97       103       128
         4        68        97       103       128
         4        32        68       103       128
         4        26        62       103       128
         4        26       103       128       134
         4        32       103       128       134
         4        26        62        98       104
         4        26        62       103       104
         4        26       103       104       134
         4        26        98       104       129
         4        26       104       129       135
         4        26       104       134       135
         4        98        99       105       129
         4        98       104       105       129
         4       104       105       129       135
         4        99       105       129       130
         4       105       129       130       136
         4       105       129       135       136
         4        99       100       106       130
         4        99       105       106       130
         4       105       106       130       136
         4       100       106       130       131
         4       106       130       131       137
         4       106       130       136       137
         4        94        95       100       131
         4        95       100       106       131
         4        95       106       131       137
         4        94        95       125       131
         4        95       125       126       131
         4        95       126       131       137
         4        73       101       102       132
         4        73       102       132       133
         4        37        73       132       133
         4        68       102       107       133
         4        73       102       107       133
         4        37        73       107       133
         4        32        68       107       133
         4        32       107       133       138
         4        37       107       133       138
         4        32        68       103       108
         4        32        68       107       108
         4        32       107       108       138
         4        32       103       108       134
         4        32       108       134       139
         4        32       108       138       139
         4       103       104       109       134
         4       103       108       109       134
         4       108       109       134       139
         4       104       109       134       135
         4       109       134       135       140
         4       109       134       139       140
         4       104       105       110       135
         4       104       109       110       135
         4       109       110       135       140
         4       105       110       135       136
         4       110       135       136       141
         4       110       135       140       141
         4       105       106       111       136
         4       105       110       111       136
         4       110       111       136       141
         4       106       111       136       137
         4       111       136       137       142
         4       111       136       141       142
         4        95        96       106       137
         4        96       106       111       137
         4        96       111       137       142
         4        95        96       126       137
         4        96       126       127       137
         4        96       127       137       142
         4        37        73       107       112
         4        37       107       112       138
         4        37       112       138       143
         4       107       108       113       138
         4       107       112       113       138
         4       112       113       138       143
         4       108       113       138       139
         4       113       138       139       144
         4       113       138       143       144
         4       108       109       114       139
         4       108       113       114       139
         4       113       114       139       144
         4       109       114       139       140
         4       114       139       140       145
         4       114       139       144       145
         4       109       110       115       140
         4       109       114       115       140
         4       114       115       140       145
         4       110       115       140       141
         4       115       140       141       146
         4       115       140       145       146
         4       110       111       116       141
         4       110       115       116       141
         4       115       116       141       146
         4       111       116       141       142
         4       116       141       142       147
         4       116       141       146       147
         4        96        97       111       142
         4        97       111       116       142
         4        97       116       142       147
         4        96        97       127       142
         4        97       127       128       142
         4        97       128       142       147
         4       112       113       117       143
         4       113       117       143       144
         4       117       143       144       148
         4       113       114       118       144
         4       113       117       118       144
         4       117       118       144       148
         4       114       118       144       145
         4       118       144       145       149
         4       118       144       148       149
         4       114       115       119       145
         4       114       118       119       145
         4       118       119       145       149
         4       115       119       145       146
         4       119       145       146       150
         4       119       145       149       150
         4       115       116       120       146
         4       115       119       120       146
         4       119       120       146       150
         4       116       120       146       147
         4       120       146       147       151
         4       120       146       150       151
         4        62        97       116       147
         4        62       116       120       147
         4        62       120       147       151
         4        62        97       128       147
         4        26        62       128       147
         4        26        62       147       151
         4       117       118       121       148
         4       118       121       148       149
         4       121       148       149       152
         4       118       119       122       149
         4       118       121       122       149
         4       121       122       149       152
         4       119       122       149       150
         4       122       149       150       153
         4       122       149       152       153
         4        90       119       120       150
         4        90       119       122       150
         4        90       122       150       153
         4        90       120       150       151
         4        54        90       150       151
         4        54        90       150       153
         4        62        98       120       151
         4        90        98       120       151
         4        54        90        98       151
         4        26        62        98       151
         4        26        98       129       151
         4        54        98       129       151
         4        91       121       122       152
         4        91       122       152       153
         4        55        91       152       153
         4        90       122       123       153
         4        91       122       123       153
         4        55        91       123       153
         4        54        90       123       153
         4        54       123       153       154
         4        55       123       153       154
         4        54        90        98        99
         4        54        90        99       123
         4        54        99       123       154
         4        54        98        99       129
         4        54        99       129       130
         4        54        99       130       154
         4        55        91       123       124
         4        55       123       124       154
         4        55       124       154       155
         4        99       100       123       154
         4       100       123       124       154
         4       100       124       154       155
         4        99       100       130       154
         4       100       130       131       154
         4       100       131       154       155
         4        94       100       124       155
         4        94       100       131       155
         4        94       125       131       155
         4        21       125       126       132
         4        19        21       126       132
         4        19        21       132       156
         4        19       126       127       133
         4        19       126       132       133
         4        19       132       133       156
         4        15        19       127       133
         4        15        19       133       157
         4        19       133       156       157
         4        15        32       127       128
         4        15        32       127       133
         4        15        32       133       157
         4         9        15        32       128
         4         8        15        32       157
         4         9        26       128       134
         4         9        32       128       134
         4         8         9        32       134
         4         5         9        26       134
         4         5         9       134       158
         4         8         9       134       158
         4         5        26       129       135
         4         5        26       134       135
         4         5       134       135       158
         4         5         9       129       135
         4         5         9       135       159
         4         5       135       158       159
         4         9       129       130       136
         4         9       129       135       136
         4         9       135       136       159
         4         9        15       130       136
         4         9        15       136       160
         4         9       136       159       160
         4        15       130       131       137
         4        15       130       136       137
         4        15       136       137       160
         4        15        19       131       137
         4        15        19       137       161
         4        15       137       160       161
         4        19       125       126       131
         4        19       126       131       137
         4        19       126       137       161
         4        19        21       125       126
         4        19        19        21       126
         4        19        19       126       161
         4        37       132       133       156
         4        37       133       156       157
         4        13        37       156       157
         4        32       133       138       157
         4        37       133       138       157
         4        13        37       138       157
         4         8        32       138       157
         4         8       138       157       162
         4        13       138       157       162
         4         8        32       134       139
         4         8        32       138       139
         4         8       138       139       162
         4         8       134       139       158
         4         8       139       158       163
         4         8       139       162       163
         4       134       135       140       158
         4       134       139       140       158
         4       139       140       158       163
         4       135       140       158       159
         4       140       158       159       164
         4       140       158       163       164
         4       135       136       141       159
         4       135       140       141       159
         4       140       141       159       164
         4       136       141       159       160
         4       141       159       160       165
         4       141       159       164       165
         4       136       137       142       160
         4       136       141       142       160
         4       141       142       160       165
         4       137       142       160       161
         4       142       160       160       161
         4       142       160       160       165
         4       126       127       137       161
         4       127       137       142       161
         4       127       142       160       161
         4        19       126       127       161
         4        15        19       127       161
         4        15       127       160       161
         4        13        37       138       143
         4        13       138       143       162
         4        13       143       162       166
         4       138       139       144       162
         4       138       143       144       162
         4       143       144       162       166
         4       139       144       162       163
         4       144       162       163       167
         4       144       162       166       167
         4       139       140       145       163
         4       139       144       145       163
         4       144       145       163       167
         4       140       145       163       164
         4       145       163       164       168
         4       145       163       167       168
         4       140       141       146       164
         4       140       145       146       164
         4       145       146       164       168
         4       141       146       164       165
         4       146       164       164       165
         4       146       164       164       168
         4       141       142       147       165
         4       141       146       147       165
         4       146       147       164       165
         4       142       147       160       165
         4       147       159       160       165
         4       147       159       164       165
         4       127       128       142       160
         4       128       142       147       160
         4       128       147       159       160
         4        15       127       128       160
         4         9        15       128       160
         4         9       128       159       160
         4       143       144       148       166
         4       144       148       166       167
         4       148       166       167       169
         4       144       145       149       167
         4       144       148       149       167
         4       148       149       167       169
         4       145       149       167       168
         4       149       167       167       168
         4       149       167       167       169
         4       145       146       150       168
         4       145       149       150       168
         4       149       150       167       168
         4       146       150       164       168
         4       150       163       164       168
         4       150       163       167       168
         4       146       147       151       164
         4       146       150       151       164
         4       150       151       163       164
         4       147       151       159       164
         4       151       158       159       164
         4       151       158       163       164
         4        26       128       147       159
         4        26       147       151       159
         4        26       151       158       159
         4         9        26       128       159
         4         5         9        26       159
         4         5        26       158       159
         4       148       149       152       169
         4       149       152       167       169
         4       152       166       167       169
         4       149       150       153       167
         4       149       152       153       167
         4       152       153       166       167
         4       150       153       163       167
         4       153       162       163       167
         4       153       162       166       167
         4        54       150       151       163
         4        54       150       153       163
         4        54       153       162       163
         4        54       151       158       163
         4         8        54       158       163
         4         8        54       162       163
         4        26       129       151       158
         4        54       129       151       158
         4         8        54       129       158
         4         5        26       129       158
         4         5         9       129       158
         4         8         9       129       158
         4        55       152       153       166
         4        55       153       162       166
         4        13        55       162       166
         4        54       153       154       162
         4        55       153       154       162
         4        13        55       154       162
         4         8        54       154       162
         4         8       154       157       162
         4        13       154       157       162
         4         8        54       129       130
         4         8        54       130       154
         4         8       130       154       157
         4         8         9       129       130
         4         8         9        15       130
         4         8        15       130       157
         4        13        55       154       155
         4        13       154       155       157
         4        13       155       156       157
         4       130       131       154       157
         4       131       154       155       157
         4       131       155       156       157
         4        15       130       131       157
         4        15        19       131       157
         4        19       131       156       157
         4       125       131       155       156
         4        19       125       131       156
         4        19        21       125       156
