Automatically generated mesh
     234
Reciprocal lattice
    0.00000000000000    0.00000000000000    0.00000000000000             1
    0.09090909090909   -0.00000000000000   -0.00000000000000             4
    0.18181818181818    0.00000000000000   -0.00000000000000             4
    0.27272727272727   -0.00000000000000   -0.00000000000000             4
    0.36363636363637    0.00000000000000    0.00000000000000             4
    0.45454545454545   -0.00000000000000   -0.00000000000000             4
    0.09090909090909    0.09090909090909   -0.00000000000000             2
    0.18181818181818    0.09090909090909   -0.00000000000000             4
    0.27272727272727    0.09090909090909    0.00000000000000             4
    0.36363636363637    0.09090909090909    0.00000000000000             4
    0.45454545454545    0.09090909090909   -0.00000000000000             4
   -0.45454545454545    0.09090909090909    0.00000000000000             4
   -0.36363636363637    0.09090909090909    0.00000000000000             4
   -0.27272727272727    0.09090909090909    0.00000000000000             4
   -0.18181818181818    0.09090909090909    0.00000000000000             4
   -0.09090909090909    0.09090909090909   -0.00000000000000             2
    0.18181818181818    0.18181818181818   -0.00000000000000             2
    0.27272727272727    0.18181818181818   -0.00000000000000             4
    0.36363636363637    0.18181818181818   -0.00000000000000             4
    0.45454545454545    0.18181818181818   -0.00000000000000             4
   -0.45454545454545    0.18181818181818    0.00000000000000             4
   -0.36363636363637    0.18181818181818    0.00000000000000             4
   -0.27272727272727    0.18181818181818    0.00000000000000             4
   -0.18181818181818    0.18181818181818   -0.00000000000000             2
    0.27272727272727    0.27272727272727   -0.00000000000000             2
    0.36363636363637    0.27272727272727    0.00000000000000             4
    0.45454545454545    0.27272727272727   -0.00000000000000             4
   -0.45454545454545    0.27272727272727    0.00000000000000             4
   -0.36363636363637    0.27272727272727    0.00000000000000             4
   -0.27272727272727    0.27272727272727   -0.00000000000000             2
    0.36363636363637    0.36363636363637    0.00000000000000             2
    0.45454545454545    0.36363636363637   -0.00000000000000             4
   -0.45454545454545    0.36363636363637    0.00000000000000             4
   -0.36363636363637    0.36363636363637    0.00000000000000             2
    0.45454545454545    0.45454545454545   -0.00000000000000             2
   -0.45454545454545    0.45454545454545   -0.00000000000000             2
   -0.00000000000000   -0.00000000000000    0.14285714285714             2
    0.09090909090909   -0.00000000000000    0.14285714285714             4
    0.18181818181818   -0.00000000000000    0.14285714285714             4
    0.27272727272727    0.00000000000000    0.14285714285714             4
    0.36363636363637    0.00000000000000    0.14285714285714             4
    0.45454545454545    0.00000000000000    0.14285714285714             4
   -0.45454545454545    0.00000000000000    0.14285714285714             4
   -0.36363636363637    0.00000000000000    0.14285714285714             4
   -0.27272727272727   -0.00000000000000    0.14285714285714             4
   -0.18181818181818   -0.00000000000000    0.14285714285714             4
   -0.09090909090909    0.00000000000000    0.14285714285714             4
    0.09090909090909    0.09090909090909    0.14285714285714             2
    0.18181818181818    0.09090909090909    0.14285714285714             4
    0.27272727272727    0.09090909090909    0.14285714285714             4
    0.36363636363637    0.09090909090909    0.14285714285714             4
    0.45454545454545    0.09090909090909    0.14285714285714             4
   -0.45454545454545    0.09090909090909    0.14285714285714             4
   -0.36363636363637    0.09090909090909    0.14285714285714             4
   -0.27272727272727    0.09090909090909    0.14285714285714             4
   -0.18181818181818    0.09090909090909    0.14285714285714             4
   -0.09090909090909    0.09090909090909    0.14285714285714             4
    0.18181818181818    0.18181818181818    0.14285714285714             2
    0.27272727272727    0.18181818181818    0.14285714285714             4
    0.36363636363637    0.18181818181818    0.14285714285714             4
    0.45454545454545    0.18181818181818    0.14285714285714             4
   -0.45454545454545    0.18181818181818    0.14285714285714             4
   -0.36363636363637    0.18181818181818    0.14285714285714             4
   -0.27272727272727    0.18181818181818    0.14285714285714             4
   -0.18181818181818    0.18181818181818    0.14285714285714             4
   -0.09090909090909    0.18181818181818    0.14285714285714             4
    0.27272727272727    0.27272727272727    0.14285714285714             2
    0.36363636363637    0.27272727272727    0.14285714285714             4
    0.45454545454545    0.27272727272727    0.14285714285714             4
   -0.45454545454545    0.27272727272727    0.14285714285714             4
   -0.36363636363637    0.27272727272727    0.14285714285714             4
   -0.27272727272727    0.27272727272727    0.14285714285714             4
   -0.18181818181818    0.27272727272727    0.14285714285714             4
   -0.09090909090909    0.27272727272727    0.14285714285714             4
    0.36363636363637    0.36363636363637    0.14285714285714             2
    0.45454545454545    0.36363636363637    0.14285714285714             4
   -0.45454545454545    0.36363636363637    0.14285714285714             4
   -0.36363636363637    0.36363636363637    0.14285714285714             4
   -0.27272727272727    0.36363636363637    0.14285714285714             4
   -0.18181818181818    0.36363636363637    0.14285714285714             4
   -0.09090909090909    0.36363636363637    0.14285714285714             4
    0.45454545454545    0.45454545454545    0.14285714285714             2
   -0.45454545454545    0.45454545454545    0.14285714285714             4
   -0.36363636363637    0.45454545454545    0.14285714285714             4
   -0.27272727272727    0.45454545454545    0.14285714285714             4
   -0.18181818181818    0.45454545454545    0.14285714285714             4
   -0.09090909090909    0.45454545454545    0.14285714285714             4
   -0.45454545454545   -0.45454545454545    0.14285714285714             2
   -0.36363636363637   -0.45454545454545    0.14285714285714             4
   -0.27272727272727   -0.45454545454545    0.14285714285714             4
   -0.18181818181818   -0.45454545454545    0.14285714285714             4
   -0.09090909090909   -0.45454545454545    0.14285714285714             4
   -0.36363636363637   -0.36363636363637    0.14285714285714             2
   -0.27272727272727   -0.36363636363637    0.14285714285714             4
   -0.18181818181818   -0.36363636363637    0.14285714285714             4
   -0.09090909090909   -0.36363636363637    0.14285714285714             4
   -0.27272727272727   -0.27272727272727    0.14285714285714             2
   -0.18181818181818   -0.27272727272727    0.14285714285714             4
   -0.09090909090909   -0.27272727272727    0.14285714285714             4
   -0.18181818181818   -0.18181818181818    0.14285714285714             2
   -0.09090909090909   -0.18181818181818    0.14285714285714             4
   -0.09090909090909   -0.09090909090909    0.14285714285714             2
   -0.00000000000000   -0.00000000000000    0.28571428571429             2
    0.09090909090909   -0.00000000000000    0.28571428571429             4
    0.18181818181818    0.00000000000000    0.28571428571429             4
    0.27272727272727    0.00000000000000    0.28571428571429             4
    0.36363636363637   -0.00000000000000    0.28571428571429             4
    0.45454545454545   -0.00000000000000    0.28571428571429             4
   -0.45454545454545    0.00000000000000    0.28571428571429             4
   -0.36363636363637   -0.00000000000000    0.28571428571429             4
   -0.27272727272727    0.00000000000000    0.28571428571429             4
   -0.18181818181818    0.00000000000000    0.28571428571429             4
   -0.09090909090909    0.00000000000000    0.28571428571429             4
    0.09090909090909    0.09090909090909    0.28571428571429             2
    0.18181818181818    0.09090909090909    0.28571428571429             4
    0.27272727272727    0.09090909090909    0.28571428571429             4
    0.36363636363637    0.09090909090909    0.28571428571429             4
    0.45454545454545    0.09090909090909    0.28571428571429             4
   -0.45454545454545    0.09090909090909    0.28571428571429             4
   -0.36363636363637    0.09090909090909    0.28571428571429             4
   -0.27272727272727    0.09090909090909    0.28571428571429             4
   -0.18181818181818    0.09090909090909    0.28571428571429             4
   -0.09090909090909    0.09090909090909    0.28571428571429             4
    0.18181818181818    0.18181818181818    0.28571428571429             2
    0.27272727272727    0.18181818181818    0.28571428571429             4
    0.36363636363637    0.18181818181818    0.28571428571429             4
    0.45454545454545    0.18181818181818    0.28571428571429             4
   -0.45454545454545    0.18181818181818    0.28571428571429             4
   -0.36363636363637    0.18181818181818    0.28571428571429             4
   -0.27272727272727    0.18181818181818    0.28571428571429             4
   -0.18181818181818    0.18181818181818    0.28571428571429             4
   -0.09090909090909    0.18181818181818    0.28571428571429             4
    0.27272727272727    0.27272727272727    0.28571428571429             2
    0.36363636363637    0.27272727272727    0.28571428571429             4
    0.45454545454545    0.27272727272727    0.28571428571429             4
   -0.45454545454545    0.27272727272727    0.28571428571429             4
   -0.36363636363637    0.27272727272727    0.28571428571429             4
   -0.27272727272727    0.27272727272727    0.28571428571429             4
   -0.18181818181818    0.27272727272727    0.28571428571429             4
   -0.09090909090909    0.27272727272727    0.28571428571429             4
    0.36363636363637    0.36363636363637    0.28571428571429             2
    0.45454545454545    0.36363636363637    0.28571428571429             4
   -0.45454545454545    0.36363636363637    0.28571428571429             4
   -0.36363636363637    0.36363636363637    0.28571428571429             4
   -0.27272727272727    0.36363636363637    0.28571428571429             4
   -0.18181818181818    0.36363636363637    0.28571428571429             4
   -0.09090909090909    0.36363636363637    0.28571428571429             4
    0.45454545454545    0.45454545454545    0.28571428571429             2
   -0.45454545454545    0.45454545454545    0.28571428571429             4
   -0.36363636363637    0.45454545454545    0.28571428571429             4
   -0.27272727272727    0.45454545454545    0.28571428571429             4
   -0.18181818181818    0.45454545454545    0.28571428571429             4
   -0.09090909090909    0.45454545454545    0.28571428571429             4
   -0.45454545454545   -0.45454545454545    0.28571428571429             2
   -0.36363636363637   -0.45454545454545    0.28571428571429             4
   -0.27272727272727   -0.45454545454545    0.28571428571429             4
   -0.18181818181818   -0.45454545454545    0.28571428571429             4
   -0.09090909090909   -0.45454545454545    0.28571428571429             4
   -0.36363636363637   -0.36363636363637    0.28571428571429             2
   -0.27272727272727   -0.36363636363637    0.28571428571429             4
   -0.18181818181818   -0.36363636363637    0.28571428571429             4
   -0.09090909090909   -0.36363636363637    0.28571428571429             4
   -0.27272727272727   -0.27272727272727    0.28571428571429             2
   -0.18181818181818   -0.27272727272727    0.28571428571429             4
   -0.09090909090909   -0.27272727272727    0.28571428571429             4
   -0.18181818181818   -0.18181818181818    0.28571428571429             2
   -0.09090909090909   -0.18181818181818    0.28571428571429             4
   -0.09090909090909   -0.09090909090909    0.28571428571429             2
   -0.00000000000000   -0.00000000000000    0.42857142857143             2
    0.09090909090909   -0.00000000000000    0.42857142857143             4
    0.18181818181818    0.00000000000000    0.42857142857143             4
    0.27272727272727    0.00000000000000    0.42857142857143             4
    0.36363636363637   -0.00000000000000    0.42857142857143             4
    0.45454545454545   -0.00000000000000    0.42857142857143             4
   -0.45454545454545    0.00000000000000    0.42857142857143             4
   -0.36363636363637    0.00000000000000    0.42857142857143             4
   -0.27272727272727   -0.00000000000000    0.42857142857143             4
   -0.18181818181818   -0.00000000000000    0.42857142857143             4
   -0.09090909090909    0.00000000000000    0.42857142857143             4
    0.09090909090909    0.09090909090909    0.42857142857143             2
    0.18181818181818    0.09090909090909    0.42857142857143             4
    0.27272727272727    0.09090909090909    0.42857142857143             4
    0.36363636363637    0.09090909090909    0.42857142857143             4
    0.45454545454545    0.09090909090909    0.42857142857143             4
   -0.45454545454545    0.09090909090909    0.42857142857143             4
   -0.36363636363637    0.09090909090909    0.42857142857143             4
   -0.27272727272727    0.09090909090909    0.42857142857143             4
   -0.18181818181818    0.09090909090909    0.42857142857143             4
   -0.09090909090909    0.09090909090909    0.42857142857143             4
    0.18181818181818    0.18181818181818    0.42857142857143             2
    0.27272727272727    0.18181818181818    0.42857142857143             4
    0.36363636363637    0.18181818181818    0.42857142857143             4
    0.45454545454545    0.18181818181818    0.42857142857143             4
   -0.45454545454545    0.18181818181818    0.42857142857143             4
   -0.36363636363637    0.18181818181818    0.42857142857143             4
   -0.27272727272727    0.18181818181818    0.42857142857143             4
   -0.18181818181818    0.18181818181818    0.42857142857143             4
   -0.09090909090909    0.18181818181818    0.42857142857143             4
    0.27272727272727    0.27272727272727    0.42857142857143             2
    0.36363636363637    0.27272727272727    0.42857142857143             4
    0.45454545454545    0.27272727272727    0.42857142857143             4
   -0.45454545454545    0.27272727272727    0.42857142857143             4
   -0.36363636363637    0.27272727272727    0.42857142857143             4
   -0.27272727272727    0.27272727272727    0.42857142857143             4
   -0.18181818181818    0.27272727272727    0.42857142857143             4
   -0.09090909090909    0.27272727272727    0.42857142857143             4
    0.36363636363637    0.36363636363637    0.42857142857143             2
    0.45454545454545    0.36363636363637    0.42857142857143             4
   -0.45454545454545    0.36363636363637    0.42857142857143             4
   -0.36363636363637    0.36363636363637    0.42857142857143             4
   -0.27272727272727    0.36363636363637    0.42857142857143             4
   -0.18181818181818    0.36363636363637    0.42857142857143             4
   -0.09090909090909    0.36363636363637    0.42857142857143             4
    0.45454545454545    0.45454545454545    0.42857142857143             2
   -0.45454545454545    0.45454545454545    0.42857142857143             4
   -0.36363636363637    0.45454545454545    0.42857142857143             4
   -0.27272727272727    0.45454545454545    0.42857142857143             4
   -0.18181818181818    0.45454545454545    0.42857142857143             4
   -0.09090909090909    0.45454545454545    0.42857142857143             4
   -0.45454545454545   -0.45454545454545    0.42857142857143             2
   -0.36363636363637   -0.45454545454545    0.42857142857143             4
   -0.27272727272727   -0.45454545454545    0.42857142857143             4
   -0.18181818181818   -0.45454545454545    0.42857142857143             4
   -0.09090909090909   -0.45454545454545    0.42857142857143             4
   -0.36363636363637   -0.36363636363637    0.42857142857143             2
   -0.27272727272727   -0.36363636363637    0.42857142857143             4
   -0.18181818181818   -0.36363636363637    0.42857142857143             4
   -0.09090909090909   -0.36363636363637    0.42857142857143             4
   -0.27272727272727   -0.27272727272727    0.42857142857143             2
   -0.18181818181818   -0.27272727272727    0.42857142857143             4
   -0.09090909090909   -0.27272727272727    0.42857142857143             4
   -0.18181818181818   -0.18181818181818    0.42857142857143             2
   -0.09090909090909   -0.18181818181818    0.42857142857143             4
   -0.09090909090909   -0.09090909090909    0.42857142857143             2
Tetrahedra
      1275    0.00019677292405
         4         1         2         7        48
         4         1         2        38        48
         4         1        37        38        48
         4         2         7         8        49
         4         2         3         8        49
         4         2         3        39        49
         4         2         7        48        49
         4         2        38        48        49
         4         2        38        39        49
         4         3         8         9        50
         4         3         4         9        50
         4         3         4        40        50
         4         3         8        49        50
         4         3        39        49        50
         4         3        39        40        50
         4         4         9        10        51
         4         4         5        10        51
         4         4         5        41        51
         4         4         9        50        51
         4         4        40        50        51
         4         4        40        41        51
         4         5        10        11        52
         4         5         6        11        52
         4         5         6        42        52
         4         5        10        51        52
         4         5        41        51        52
         4         5        41        42        52
         4         6        11        12        53
         4         6         6        12        53
         4         6         6        43        53
         4         6        11        52        53
         4         6        42        52        53
         4         6        42        43        53
         4         6        12        13        54
         4         5         6        13        54
         4         5         6        44        54
         4         6        12        53        54
         4         6        43        53        54
         4         6        43        44        54
         4         5        13        14        55
         4         4         5        14        55
         4         4         5        45        55
         4         5        13        54        55
         4         5        44        54        55
         4         5        44        45        55
         4         4        14        15        56
         4         3         4        15        56
         4         3         4        46        56
         4         4        14        55        56
         4         4        45        55        56
         4         4        45        46        56
         4         3        15        16        57
         4         2         3        16        57
         4         2         3        47        57
         4         3        15        56        57
         4         3        46        56        57
         4         3        46        47        57
         4         2         2        16        38
         4         1         2         2        38
         4         1         2        37        38
         4         2        16        38        57
         4         2        38        47        57
         4         2        37        38        47
         4         7         8        17        58
         4         7         8        49        58
         4         7        48        49        58
         4         8        17        18        59
         4         8         9        18        59
         4         8         9        50        59
         4         8        17        58        59
         4         8        49        58        59
         4         8        49        50        59
         4         9        18        19        60
         4         9        10        19        60
         4         9        10        51        60
         4         9        18        59        60
         4         9        50        59        60
         4         9        50        51        60
         4        10        19        20        61
         4        10        11        20        61
         4        10        11        52        61
         4        10        19        60        61
         4        10        51        60        61
         4        10        51        52        61
         4        11        20        21        62
         4        11        12        21        62
         4        11        12        53        62
         4        11        20        61        62
         4        11        52        61        62
         4        11        52        53        62
         4        12        21        22        63
         4        12        13        22        63
         4        12        13        54        63
         4        12        21        62        63
         4        12        53        62        63
         4        12        53        54        63
         4        13        22        23        64
         4        13        14        23        64
         4        13        14        55        64
         4        13        22        63        64
         4        13        54        63        64
         4        13        54        55        64
         4        14        23        24        65
         4        14        15        24        65
         4        14        15        56        65
         4        14        23        64        65
         4        14        55        64        65
         4        14        55        56        65
         4        15        15        24        66
         4        15        15        16        66
         4        15        16        57        66
         4        15        24        65        66
         4        15        56        65        66
         4        15        56        57        66
         4         3        15        16        39
         4         2         3        16        39
         4         2        16        38        39
         4        15        16        39        66
         4        16        39        57        66
         4        16        38        39        57
         4        17        18        25        67
         4        17        18        59        67
         4        17        58        59        67
         4        18        25        26        68
         4        18        19        26        68
         4        18        19        60        68
         4        18        25        67        68
         4        18        59        67        68
         4        18        59        60        68
         4        19        26        27        69
         4        19        20        27        69
         4        19        20        61        69
         4        19        26        68        69
         4        19        60        68        69
         4        19        60        61        69
         4        20        27        28        70
         4        20        21        28        70
         4        20        21        62        70
         4        20        27        69        70
         4        20        61        69        70
         4        20        61        62        70
         4        21        28        29        71
         4        21        22        29        71
         4        21        22        63        71
         4        21        28        70        71
         4        21        62        70        71
         4        21        62        63        71
         4        22        29        30        72
         4        22        23        30        72
         4        22        23        64        72
         4        22        29        71        72
         4        22        63        71        72
         4        22        63        64        72
         4        23        23        30        73
         4        23        23        24        73
         4        23        24        65        73
         4        23        30        72        73
         4        23        64        72        73
         4        23        64        65        73
         4        14        23        24        74
         4        14        15        24        74
         4        15        24        66        74
         4        23        24        73        74
         4        24        65        73        74
         4        24        65        66        74
         4         4        14        15        40
         4         3         4        15        40
         4         3        15        39        40
         4        14        15        40        74
         4        15        40        66        74
         4        15        39        40        66
         4        25        26        31        75
         4        25        26        68        75
         4        25        67        68        75
         4        26        31        32        76
         4        26        27        32        76
         4        26        27        69        76
         4        26        31        75        76
         4        26        68        75        76
         4        26        68        69        76
         4        27        32        33        77
         4        27        28        33        77
         4        27        28        70        77
         4        27        32        76        77
         4        27        69        76        77
         4        27        69        70        77
         4        28        33        34        78
         4        28        29        34        78
         4        28        29        71        78
         4        28        33        77        78
         4        28        70        77        78
         4        28        70        71        78
         4        29        29        34        79
         4        29        29        30        79
         4        29        30        72        79
         4        29        34        78        79
         4        29        71        78        79
         4        29        71        72        79
         4        22        29        30        80
         4        22        23        30        80
         4        23        30        73        80
         4        29        30        79        80
         4        30        72        79        80
         4        30        72        73        80
         4        13        22        23        81
         4        13        14        23        81
         4        14        23        74        81
         4        22        23        80        81
         4        23        73        80        81
         4        23        73        74        81
         4         5        13        14        41
         4         4         5        14        41
         4         4        14        40        41
         4        13        14        41        81
         4        14        41        74        81
         4        14        40        41        74
         4        31        32        35        82
         4        31        32        76        82
         4        31        75        76        82
         4        32        35        36        83
         4        32        33        36        83
         4        32        33        77        83
         4        32        35        82        83
         4        32        76        82        83
         4        32        76        77        83
         4        33        33        36        84
         4        33        33        34        84
         4        33        34        78        84
         4        33        36        83        84
         4        33        77        83        84
         4        33        77        78        84
         4        28        33        34        85
         4        28        29        34        85
         4        29        34        79        85
         4        33        34        84        85
         4        34        78        84        85
         4        34        78        79        85
         4        21        28        29        86
         4        21        22        29        86
         4        22        29        80        86
         4        28        29        85        86
         4        29        79        85        86
         4        29        79        80        86
         4        12        21        22        87
         4        12        13        22        87
         4        13        22        81        87
         4        21        22        86        87
         4        22        80        86        87
         4        22        80        81        87
         4         6        12        13        42
         4         5         6        13        42
         4         5        13        41        42
         4        12        13        42        87
         4        13        42        81        87
         4        13        41        42        81
         4        35        35        36        88
         4        35        36        83        88
         4        35        82        83        88
         4        32        35        36        89
         4        32        33        36        89
         4        33        36        84        89
         4        35        36        88        89
         4        36        83        88        89
         4        36        83        84        89
         4        27        32        33        90
         4        27        28        33        90
         4        28        33        85        90
         4        32        33        89        90
         4        33        84        89        90
         4        33        84        85        90
         4        20        27        28        91
         4        20        21        28        91
         4        21        28        86        91
         4        27        28        90        91
         4        28        85        90        91
         4        28        85        86        91
         4        11        20        21        92
         4        11        12        21        92
         4        12        21        87        92
         4        20        21        91        92
         4        21        86        91        92
         4        21        86        87        92
         4         6        11        12        43
         4         6         6        12        43
         4         6        12        42        43
         4        11        12        43        92
         4        12        43        87        92
         4        12        42        43        87
         4        31        32        35        93
         4        32        35        89        93
         4        35        88        89        93
         4        26        31        32        94
         4        26        27        32        94
         4        27        32        90        94
         4        31        32        93        94
         4        32        89        93        94
         4        32        89        90        94
         4        19        26        27        95
         4        19        20        27        95
         4        20        27        91        95
         4        26        27        94        95
         4        27        90        94        95
         4        27        90        91        95
         4        10        19        20        96
         4        10        11        20        96
         4        11        20        92        96
         4        19        20        95        96
         4        20        91        95        96
         4        20        91        92        96
         4         5        10        11        44
         4         5         6        11        44
         4         6        11        43        44
         4        10        11        44        96
         4        11        44        92        96
         4        11        43        44        92
         4        25        26        31        97
         4        26        31        94        97
         4        31        93        94        97
         4        18        25        26        98
         4        18        19        26        98
         4        19        26        95        98
         4        25        26        97        98
         4        26        94        97        98
         4        26        94        95        98
         4         9        18        19        99
         4         9        10        19        99
         4        10        19        96        99
         4        18        19        98        99
         4        19        95        98        99
         4        19        95        96        99
         4         4         9        10        45
         4         4         5        10        45
         4         5        10        44        45
         4         9        10        45        99
         4        10        45        96        99
         4        10        44        45        96
         4        17        18        25       100
         4        18        25        98       100
         4        25        97        98       100
         4         8        17        18       101
         4         8         9        18       101
         4         9        18        99       101
         4        17        18       100       101
         4        18        98       100       101
         4        18        98        99       101
         4         3         8         9        46
         4         3         4         9        46
         4         4         9        45        46
         4         8         9        46       101
         4         9        46        99       101
         4         9        45        46        99
         4         7         8        17       102
         4         8        17       101       102
         4        17       100       101       102
         4         2         7         8        47
         4         2         3         8        47
         4         3         8        46        47
         4         7         8        47       102
         4         8        47       101       102
         4         8        46        47       101
         4         1         2         7        37
         4         2         7        37        47
         4         7        37        47       102
         4        37        38        48       114
         4        37        38       104       114
         4        37       103       104       114
         4        38        48        49       115
         4        38        39        49       115
         4        38        39       105       115
         4        38        48       114       115
         4        38       104       114       115
         4        38       104       105       115
         4        39        49        50       116
         4        39        40        50       116
         4        39        40       106       116
         4        39        49       115       116
         4        39       105       115       116
         4        39       105       106       116
         4        40        50        51       117
         4        40        41        51       117
         4        40        41       107       117
         4        40        50       116       117
         4        40       106       116       117
         4        40       106       107       117
         4        41        51        52       118
         4        41        42        52       118
         4        41        42       108       118
         4        41        51       117       118
         4        41       107       117       118
         4        41       107       108       118
         4        42        52        53       119
         4        42        43        53       119
         4        42        43       109       119
         4        42        52       118       119
         4        42       108       118       119
         4        42       108       109       119
         4        43        53        54       120
         4        43        44        54       120
         4        43        44       110       120
         4        43        53       119       120
         4        43       109       119       120
         4        43       109       110       120
         4        44        54        55       121
         4        44        45        55       121
         4        44        45       111       121
         4        44        54       120       121
         4        44       110       120       121
         4        44       110       111       121
         4        45        55        56       122
         4        45        46        56       122
         4        45        46       112       122
         4        45        55       121       122
         4        45       111       121       122
         4        45       111       112       122
         4        46        56        57       123
         4        46        47        57       123
         4        46        47       113       123
         4        46        56       122       123
         4        46       112       122       123
         4        46       112       113       123
         4        38        47        57       104
         4        37        38        47       104
         4        37        47       103       104
         4        47        57       104       123
         4        47       104       113       123
         4        47       103       104       113
         4        48        49        58       124
         4        48        49       115       124
         4        48       114       115       124
         4        49        58        59       125
         4        49        50        59       125
         4        49        50       116       125
         4        49        58       124       125
         4        49       115       124       125
         4        49       115       116       125
         4        50        59        60       126
         4        50        51        60       126
         4        50        51       117       126
         4        50        59       125       126
         4        50       116       125       126
         4        50       116       117       126
         4        51        60        61       127
         4        51        52        61       127
         4        51        52       118       127
         4        51        60       126       127
         4        51       117       126       127
         4        51       117       118       127
         4        52        61        62       128
         4        52        53        62       128
         4        52        53       119       128
         4        52        61       127       128
         4        52       118       127       128
         4        52       118       119       128
         4        53        62        63       129
         4        53        54        63       129
         4        53        54       120       129
         4        53        62       128       129
         4        53       119       128       129
         4        53       119       120       129
         4        54        63        64       130
         4        54        55        64       130
         4        54        55       121       130
         4        54        63       129       130
         4        54       120       129       130
         4        54       120       121       130
         4        55        64        65       131
         4        55        56        65       131
         4        55        56       122       131
         4        55        64       130       131
         4        55       121       130       131
         4        55       121       122       131
         4        56        65        66       132
         4        56        57        66       132
         4        56        57       123       132
         4        56        65       131       132
         4        56       122       131       132
         4        56       122       123       132
         4        39        57        66       105
         4        38        39        57       105
         4        38        57       104       105
         4        57        66       105       132
         4        57       105       123       132
         4        57       104       105       123
         4        58        59        67       133
         4        58        59       125       133
         4        58       124       125       133
         4        59        67        68       134
         4        59        60        68       134
         4        59        60       126       134
         4        59        67       133       134
         4        59       125       133       134
         4        59       125       126       134
         4        60        68        69       135
         4        60        61        69       135
         4        60        61       127       135
         4        60        68       134       135
         4        60       126       134       135
         4        60       126       127       135
         4        61        69        70       136
         4        61        62        70       136
         4        61        62       128       136
         4        61        69       135       136
         4        61       127       135       136
         4        61       127       128       136
         4        62        70        71       137
         4        62        63        71       137
         4        62        63       129       137
         4        62        70       136       137
         4        62       128       136       137
         4        62       128       129       137
         4        63        71        72       138
         4        63        64        72       138
         4        63        64       130       138
         4        63        71       137       138
         4        63       129       137       138
         4        63       129       130       138
         4        64        72        73       139
         4        64        65        73       139
         4        64        65       131       139
         4        64        72       138       139
         4        64       130       138       139
         4        64       130       131       139
         4        65        73        74       140
         4        65        66        74       140
         4        65        66       132       140
         4        65        73       139       140
         4        65       131       139       140
         4        65       131       132       140
         4        40        66        74       106
         4        39        40        66       106
         4        39        66       105       106
         4        66        74       106       140
         4        66       106       132       140
         4        66       105       106       132
         4        67        68        75       141
         4        67        68       134       141
         4        67       133       134       141
         4        68        75        76       142
         4        68        69        76       142
         4        68        69       135       142
         4        68        75       141       142
         4        68       134       141       142
         4        68       134       135       142
         4        69        76        77       143
         4        69        70        77       143
         4        69        70       136       143
         4        69        76       142       143
         4        69       135       142       143
         4        69       135       136       143
         4        70        77        78       144
         4        70        71        78       144
         4        70        71       137       144
         4        70        77       143       144
         4        70       136       143       144
         4        70       136       137       144
         4        71        78        79       145
         4        71        72        79       145
         4        71        72       138       145
         4        71        78       144       145
         4        71       137       144       145
         4        71       137       138       145
         4        72        79        80       146
         4        72        73        80       146
         4        72        73       139       146
         4        72        79       145       146
         4        72       138       145       146
         4        72       138       139       146
         4        73        80        81       147
         4        73        74        81       147
         4        73        74       140       147
         4        73        80       146       147
         4        73       139       146       147
         4        73       139       140       147
         4        41        74        81       107
         4        40        41        74       107
         4        40        74       106       107
         4        74        81       107       147
         4        74       107       140       147
         4        74       106       107       140
         4        75        76        82       148
         4        75        76       142       148
         4        75       141       142       148
         4        76        82        83       149
         4        76        77        83       149
         4        76        77       143       149
         4        76        82       148       149
         4        76       142       148       149
         4        76       142       143       149
         4        77        83        84       150
         4        77        78        84       150
         4        77        78       144       150
         4        77        83       149       150
         4        77       143       149       150
         4        77       143       144       150
         4        78        84        85       151
         4        78        79        85       151
         4        78        79       145       151
         4        78        84       150       151
         4        78       144       150       151
         4        78       144       145       151
         4        79        85        86       152
         4        79        80        86       152
         4        79        80       146       152
         4        79        85       151       152
         4        79       145       151       152
         4        79       145       146       152
         4        80        86        87       153
         4        80        81        87       153
         4        80        81       147       153
         4        80        86       152       153
         4        80       146       152       153
         4        80       146       147       153
         4        42        81        87       108
         4        41        42        81       108
         4        41        81       107       108
         4        81        87       108       153
         4        81       108       147       153
         4        81       107       108       147
         4        82        83        88       154
         4        82        83       149       154
         4        82       148       149       154
         4        83        88        89       155
         4        83        84        89       155
         4        83        84       150       155
         4        83        88       154       155
         4        83       149       154       155
         4        83       149       150       155
         4        84        89        90       156
         4        84        85        90       156
         4        84        85       151       156
         4        84        89       155       156
         4        84       150       155       156
         4        84       150       151       156
         4        85        90        91       157
         4        85        86        91       157
         4        85        86       152       157
         4        85        90       156       157
         4        85       151       156       157
         4        85       151       152       157
         4        86        91        92       158
         4        86        87        92       158
         4        86        87       153       158
         4        86        91       157       158
         4        86       152       157       158
         4        86       152       153       158
         4        43        87        92       109
         4        42        43        87       109
         4        42        87       108       109
         4        87        92       109       158
         4        87       109       153       158
         4        87       108       109       153
         4        88        89        93       159
         4        88        89       155       159
         4        88       154       155       159
         4        89        93        94       160
         4        89        90        94       160
         4        89        90       156       160
         4        89        93       159       160
         4        89       155       159       160
         4        89       155       156       160
         4        90        94        95       161
         4        90        91        95       161
         4        90        91       157       161
         4        90        94       160       161
         4        90       156       160       161
         4        90       156       157       161
         4        91        95        96       162
         4        91        92        96       162
         4        91        92       158       162
         4        91        95       161       162
         4        91       157       161       162
         4        91       157       158       162
         4        44        92        96       110
         4        43        44        92       110
         4        43        92       109       110
         4        92        96       110       162
         4        92       110       158       162
         4        92       109       110       158
         4        93        94        97       163
         4        93        94       160       163
         4        93       159       160       163
         4        94        97        98       164
         4        94        95        98       164
         4        94        95       161       164
         4        94        97       163       164
         4        94       160       163       164
         4        94       160       161       164
         4        95        98        99       165
         4        95        96        99       165
         4        95        96       162       165
         4        95        98       164       165
         4        95       161       164       165
         4        95       161       162       165
         4        45        96        99       111
         4        44        45        96       111
         4        44        96       110       111
         4        96        99       111       165
         4        96       111       162       165
         4        96       110       111       162
         4        97        98       100       166
         4        97        98       164       166
         4        97       163       164       166
         4        98       100       101       167
         4        98        99       101       167
         4        98        99       165       167
         4        98       100       166       167
         4        98       164       166       167
         4        98       164       165       167
         4        46        99       101       112
         4        45        46        99       112
         4        45        99       111       112
         4        99       101       112       167
         4        99       112       165       167
         4        99       111       112       165
         4       100       101       102       168
         4       100       101       167       168
         4       100       166       167       168
         4        47       101       102       113
         4        46        47       101       113
         4        46       101       112       113
         4       101       102       113       168
         4       101       113       167       168
         4       101       112       113       167
         4        37        47       102       103
         4        47       102       103       113
         4       102       103       113       168
         4       103       104       114       180
         4       103       104       170       180
         4       103       169       170       180
         4       104       114       115       181
         4       104       105       115       181
         4       104       105       171       181
         4       104       114       180       181
         4       104       170       180       181
         4       104       170       171       181
         4       105       115       116       182
         4       105       106       116       182
         4       105       106       172       182
         4       105       115       181       182
         4       105       171       181       182
         4       105       171       172       182
         4       106       116       117       183
         4       106       107       117       183
         4       106       107       173       183
         4       106       116       182       183
         4       106       172       182       183
         4       106       172       173       183
         4       107       117       118       184
         4       107       108       118       184
         4       107       108       174       184
         4       107       117       183       184
         4       107       173       183       184
         4       107       173       174       184
         4       108       118       119       185
         4       108       109       119       185
         4       108       109       175       185
         4       108       118       184       185
         4       108       174       184       185
         4       108       174       175       185
         4       109       119       120       186
         4       109       110       120       186
         4       109       110       176       186
         4       109       119       185       186
         4       109       175       185       186
         4       109       175       176       186
         4       110       120       121       187
         4       110       111       121       187
         4       110       111       177       187
         4       110       120       186       187
         4       110       176       186       187
         4       110       176       177       187
         4       111       121       122       188
         4       111       112       122       188
         4       111       112       178       188
         4       111       121       187       188
         4       111       177       187       188
         4       111       177       178       188
         4       112       122       123       189
         4       112       113       123       189
         4       112       113       179       189
         4       112       122       188       189
         4       112       178       188       189
         4       112       178       179       189
         4       104       113       123       170
         4       103       104       113       170
         4       103       113       169       170
         4       113       123       170       189
         4       113       170       179       189
         4       113       169       170       179
         4       114       115       124       190
         4       114       115       181       190
         4       114       180       181       190
         4       115       124       125       191
         4       115       116       125       191
         4       115       116       182       191
         4       115       124       190       191
         4       115       181       190       191
         4       115       181       182       191
         4       116       125       126       192
         4       116       117       126       192
         4       116       117       183       192
         4       116       125       191       192
         4       116       182       191       192
         4       116       182       183       192
         4       117       126       127       193
         4       117       118       127       193
         4       117       118       184       193
         4       117       126       192       193
         4       117       183       192       193
         4       117       183       184       193
         4       118       127       128       194
         4       118       119       128       194
         4       118       119       185       194
         4       118       127       193       194
         4       118       184       193       194
         4       118       184       185       194
         4       119       128       129       195
         4       119       120       129       195
         4       119       120       186       195
         4       119       128       194       195
         4       119       185       194       195
         4       119       185       186       195
         4       120       129       130       196
         4       120       121       130       196
         4       120       121       187       196
         4       120       129       195       196
         4       120       186       195       196
         4       120       186       187       196
         4       121       130       131       197
         4       121       122       131       197
         4       121       122       188       197
         4       121       130       196       197
         4       121       187       196       197
         4       121       187       188       197
         4       122       131       132       198
         4       122       123       132       198
         4       122       123       189       198
         4       122       131       197       198
         4       122       188       197       198
         4       122       188       189       198
         4       105       123       132       171
         4       104       105       123       171
         4       104       123       170       171
         4       123       132       171       198
         4       123       171       189       198
         4       123       170       171       189
         4       124       125       133       199
         4       124       125       191       199
         4       124       190       191       199
         4       125       133       134       200
         4       125       126       134       200
         4       125       126       192       200
         4       125       133       199       200
         4       125       191       199       200
         4       125       191       192       200
         4       126       134       135       201
         4       126       127       135       201
         4       126       127       193       201
         4       126       134       200       201
         4       126       192       200       201
         4       126       192       193       201
         4       127       135       136       202
         4       127       128       136       202
         4       127       128       194       202
         4       127       135       201       202
         4       127       193       201       202
         4       127       193       194       202
         4       128       136       137       203
         4       128       129       137       203
         4       128       129       195       203
         4       128       136       202       203
         4       128       194       202       203
         4       128       194       195       203
         4       129       137       138       204
         4       129       130       138       204
         4       129       130       196       204
         4       129       137       203       204
         4       129       195       203       204
         4       129       195       196       204
         4       130       138       139       205
         4       130       131       139       205
         4       130       131       197       205
         4       130       138       204       205
         4       130       196       204       205
         4       130       196       197       205
         4       131       139       140       206
         4       131       132       140       206
         4       131       132       198       206
         4       131       139       205       206
         4       131       197       205       206
         4       131       197       198       206
         4       106       132       140       172
         4       105       106       132       172
         4       105       132       171       172
         4       132       140       172       206
         4       132       172       198       206
         4       132       171       172       198
         4       133       134       141       207
         4       133       134       200       207
         4       133       199       200       207
         4       134       141       142       208
         4       134       135       142       208
         4       134       135       201       208
         4       134       141       207       208
         4       134       200       207       208
         4       134       200       201       208
         4       135       142       143       209
         4       135       136       143       209
         4       135       136       202       209
         4       135       142       208       209
         4       135       201       208       209
         4       135       201       202       209
         4       136       143       144       210
         4       136       137       144       210
         4       136       137       203       210
         4       136       143       209       210
         4       136       202       209       210
         4       136       202       203       210
         4       137       144       145       211
         4       137       138       145       211
         4       137       138       204       211
         4       137       144       210       211
         4       137       203       210       211
         4       137       203       204       211
         4       138       145       146       212
         4       138       139       146       212
         4       138       139       205       212
         4       138       145       211       212
         4       138       204       211       212
         4       138       204       205       212
         4       139       146       147       213
         4       139       140       147       213
         4       139       140       206       213
         4       139       146       212       213
         4       139       205       212       213
         4       139       205       206       213
         4       107       140       147       173
         4       106       107       140       173
         4       106       140       172       173
         4       140       147       173       213
         4       140       173       206       213
         4       140       172       173       206
         4       141       142       148       214
         4       141       142       208       214
         4       141       207       208       214
         4       142       148       149       215
         4       142       143       149       215
         4       142       143       209       215
         4       142       148       214       215
         4       142       208       214       215
         4       142       208       209       215
         4       143       149       150       216
         4       143       144       150       216
         4       143       144       210       216
         4       143       149       215       216
         4       143       209       215       216
         4       143       209       210       216
         4       144       150       151       217
         4       144       145       151       217
         4       144       145       211       217
         4       144       150       216       217
         4       144       210       216       217
         4       144       210       211       217
         4       145       151       152       218
         4       145       146       152       218
         4       145       146       212       218
         4       145       151       217       218
         4       145       211       217       218
         4       145       211       212       218
         4       146       152       153       219
         4       146       147       153       219
         4       146       147       213       219
         4       146       152       218       219
         4       146       212       218       219
         4       146       212       213       219
         4       108       147       153       174
         4       107       108       147       174
         4       107       147       173       174
         4       147       153       174       219
         4       147       174       213       219
         4       147       173       174       213
         4       148       149       154       220
         4       148       149       215       220
         4       148       214       215       220
         4       149       154       155       221
         4       149       150       155       221
         4       149       150       216       221
         4       149       154       220       221
         4       149       215       220       221
         4       149       215       216       221
         4       150       155       156       222
         4       150       151       156       222
         4       150       151       217       222
         4       150       155       221       222
         4       150       216       221       222
         4       150       216       217       222
         4       151       156       157       223
         4       151       152       157       223
         4       151       152       218       223
         4       151       156       222       223
         4       151       217       222       223
         4       151       217       218       223
         4       152       157       158       224
         4       152       153       158       224
         4       152       153       219       224
         4       152       157       223       224
         4       152       218       223       224
         4       152       218       219       224
         4       109       153       158       175
         4       108       109       153       175
         4       108       153       174       175
         4       153       158       175       224
         4       153       175       219       224
         4       153       174       175       219
         4       154       155       159       225
         4       154       155       221       225
         4       154       220       221       225
         4       155       159       160       226
         4       155       156       160       226
         4       155       156       222       226
         4       155       159       225       226
         4       155       221       225       226
         4       155       221       222       226
         4       156       160       161       227
         4       156       157       161       227
         4       156       157       223       227
         4       156       160       226       227
         4       156       222       226       227
         4       156       222       223       227
         4       157       161       162       228
         4       157       158       162       228
         4       157       158       224       228
         4       157       161       227       228
         4       157       223       227       228
         4       157       223       224       228
         4       110       158       162       176
         4       109       110       158       176
         4       109       158       175       176
         4       158       162       176       228
         4       158       176       224       228
         4       158       175       176       224
         4       159       160       163       229
         4       159       160       226       229
         4       159       225       226       229
         4       160       163       164       230
         4       160       161       164       230
         4       160       161       227       230
         4       160       163       229       230
         4       160       226       229       230
         4       160       226       227       230
         4       161       164       165       231
         4       161       162       165       231
         4       161       162       228       231
         4       161       164       230       231
         4       161       227       230       231
         4       161       227       228       231
         4       111       162       165       177
         4       110       111       162       177
         4       110       162       176       177
         4       162       165       177       231
         4       162       177       228       231
         4       162       176       177       228
         4       163       164       166       232
         4       163       164       230       232
         4       163       229       230       232
         4       164       166       167       233
         4       164       165       167       233
         4       164       165       231       233
         4       164       166       232       233
         4       164       230       232       233
         4       164       230       231       233
         4       112       165       167       178
         4       111       112       165       178
         4       111       165       177       178
         4       165       167       178       233
         4       165       178       231       233
         4       165       177       178       231
         4       166       167       168       234
         4       166       167       233       234
         4       166       232       233       234
         4       113       167       168       179
         4       112       113       167       179
         4       112       167       178       179
         4       167       168       179       234
         4       167       179       233       234
         4       167       178       179       233
         4       103       113       168       169
         4       113       168       169       179
         4       168       169       179       234
         4       169       170       180       234
         4       169       170       179       234
         4       169       169       179       234
         4       170       180       181       233
         4       170       171       181       233
         4       170       171       178       233
         4       170       180       233       234
         4       170       179       233       234
         4       170       178       179       233
         4       171       181       182       231
         4       171       172       182       231
         4       171       172       177       231
         4       171       181       231       233
         4       171       178       231       233
         4       171       177       178       231
         4       172       182       183       228
         4       172       173       183       228
         4       172       173       176       228
         4       172       182       228       231
         4       172       177       228       231
         4       172       176       177       228
         4       173       183       184       224
         4       173       174       184       224
         4       173       174       175       224
         4       173       183       224       228
         4       173       176       224       228
         4       173       175       176       224
         4       174       184       185       219
         4       174       175       185       219
         8       174       174       175       219
         4       174       184       219       224
         4       174       175       219       224
         4       175       185       186       213
         4       175       176       186       213
         4       173       175       176       213
         4       175       185       213       219
         4       174       175       213       219
         4       173       174       175       213
         4       176       186       187       206
         4       176       177       187       206
         4       172       176       177       206
         4       176       186       206       213
         4       173       176       206       213
         4       172       173       176       206
         4       177       187       188       198
         4       177       178       188       198
         4       171       177       178       198
         4       177       187       198       206
         4       172       177       198       206
         4       171       172       177       198
         4       178       188       189       189
         4       178       179       189       189
         4       170       178       179       189
         4       178       188       189       198
         4       171       178       189       198
         4       170       171       178       189
         4       170       179       179       189
         4       169       170       179       179
         2       169       169       179       179
         2       179       179       189       189
         4       180       181       190       232
         4       180       181       232       233
         4       180       232       233       234
         4       181       190       191       230
         4       181       182       191       230
         4       181       182       230       231
         4       181       190       230       232
         4       181       230       232       233
         4       181       230       231       233
         4       182       191       192       227
         4       182       183       192       227
         4       182       183       227       228
         4       182       191       227       230
         4       182       227       230       231
         4       182       227       228       231
         4       183       192       193       223
         4       183       184       193       223
         4       183       184       223       224
         4       183       192       223       227
         4       183       223       227       228
         4       183       223       224       228
         4       184       193       194       218
         4       184       185       194       218
         4       184       185       218       219
         4       184       193       218       223
         4       184       218       223       224
         4       184       218       219       224
         4       185       194       195       212
         4       185       186       195       212
         4       185       186       212       213
         4       185       194       212       218
         4       185       212       218       219
         4       185       212       213       219
         4       186       195       196       205
         4       186       187       196       205
         4       186       187       205       206
         4       186       195       205       212
         4       186       205       212       213
         4       186       205       206       213
         4       187       196       197       197
         4       187       188       197       197
         4       187       188       197       198
         4       187       196       197       205
         4       187       197       205       206
         4       187       197       198       206
         4       188       188       197       198
         4       188       188       189       198
         2       188       188       189       189
         2       188       188       197       197
         4       190       191       199       229
         4       190       191       229       230
         4       190       229       230       232
         4       191       199       200       226
         4       191       192       200       226
         4       191       192       226       227
         4       191       199       226       229
         4       191       226       229       230
         4       191       226       227       230
         4       192       200       201       222
         4       192       193       201       222
         4       192       193       222       223
         4       192       200       222       226
         4       192       222       226       227
         4       192       222       223       227
         4       193       201       202       217
         4       193       194       202       217
         4       193       194       217       218
         4       193       201       217       222
         4       193       217       222       223
         4       193       217       218       223
         4       194       202       203       211
         4       194       195       203       211
         4       194       195       211       212
         4       194       202       211       217
         4       194       211       217       218
         4       194       211       212       218
         4       195       203       204       204
         4       195       196       204       204
         4       195       196       204       205
         4       195       203       204       211
         4       195       204       211       212
         4       195       204       205       212
         4       196       196       204       205
         4       196       196       197       205
         2       196       196       197       197
         2       196       196       204       204
         4       199       200       207       225
         4       199       200       225       226
         4       199       225       226       229
         4       200       207       208       221
         4       200       201       208       221
         4       200       201       221       222
         4       200       207       221       225
         4       200       221       225       226
         4       200       221       222       226
         4       201       208       209       216
         4       201       202       209       216
         4       201       202       216       217
         4       201       208       216       221
         4       201       216       221       222
         4       201       216       217       222
         4       202       209       210       210
         4       202       203       210       210
         4       202       203       210       211
         4       202       209       210       216
         4       202       210       216       217
         4       202       210       211       217
         4       203       203       210       211
         4       203       203       204       211
         2       203       203       204       204
         2       203       203       210       210
         4       207       208       214       220
         4       207       208       220       221
         4       207       220       221       225
         4       208       214       215       215
         4       208       209       215       215
         4       208       209       215       216
         4       208       214       215       220
         4       208       215       220       221
         4       208       215       216       221
         4       209       209       215       216
         4       209       209       210       216
         2       209       209       210       210
         2       209       209       215       215
         4       214       214       215       220
         2       214       214       215       215
