Automatically generated mesh
     230
Reciprocal lattice
    0.00000000000000    0.00000000000000    0.00000000000000             1
    0.11111111111111   -0.00000000000000   -0.00000000000000             4
    0.22222222222222    0.00000000000000   -0.00000000000000             4
    0.33333333333334    0.00000000000000   -0.00000000000000             4
    0.44444444444444    0.00000000000000   -0.00000000000000             4
    0.11111111111111    0.11111111111111    0.00000000000000             2
    0.22222222222222    0.11111111111111    0.00000000000000             4
    0.33333333333334    0.11111111111111    0.00000000000000             4
    0.44444444444444    0.11111111111111    0.00000000000000             4
   -0.44444444444444    0.11111111111111    0.00000000000000             4
   -0.33333333333334    0.11111111111111    0.00000000000000             4
   -0.22222222222222    0.11111111111111    0.00000000000000             4
   -0.11111111111111    0.11111111111111    0.00000000000000             2
    0.22222222222222    0.22222222222222    0.00000000000001             2
    0.33333333333334    0.22222222222222    0.00000000000001             4
    0.44444444444444    0.22222222222222    0.00000000000001             4
   -0.44444444444444    0.22222222222222    0.00000000000001             4
   -0.33333333333334    0.22222222222222    0.00000000000001             4
   -0.22222222222222    0.22222222222222    0.00000000000001             2
    0.33333333333334    0.33333333333334   -0.00000000000000             2
    0.44444444444444    0.33333333333334   -0.00000000000000             4
   -0.44444444444444    0.33333333333334   -0.00000000000000             4
   -0.33333333333334    0.33333333333334   -0.00000000000000             2
    0.44444444444444    0.44444444444444   -0.00000000000000             2
   -0.44444444444444    0.44444444444444   -0.00000000000000             2
    0.00000000000000   -0.00000000000000    0.10000000000000             2
    0.11111111111111   -0.00000000000000    0.10000000000000             4
    0.22222222222222    0.00000000000000    0.10000000000000             4
    0.33333333333334    0.00000000000000    0.10000000000000             4
    0.44444444444444    0.00000000000000    0.10000000000000             4
   -0.44444444444444   -0.00000000000000    0.10000000000000             4
   -0.33333333333334   -0.00000000000000    0.10000000000000             4
   -0.22222222222222   -0.00000000000000    0.10000000000000             4
   -0.11111111111111   -0.00000000000000    0.10000000000000             4
    0.11111111111111    0.11111111111111    0.10000000000000             2
    0.22222222222222    0.11111111111111    0.10000000000000             4
    0.33333333333334    0.11111111111111    0.10000000000000             4
    0.44444444444444    0.11111111111111    0.10000000000000             4
   -0.44444444444444    0.11111111111111    0.10000000000000             4
   -0.33333333333334    0.11111111111111    0.10000000000000             4
   -0.22222222222222    0.11111111111111    0.10000000000000             4
   -0.11111111111111    0.11111111111111    0.10000000000000             4
    0.22222222222222    0.22222222222222    0.10000000000000             2
    0.33333333333334    0.22222222222222    0.10000000000000             4
    0.44444444444444    0.22222222222222    0.10000000000000             4
   -0.44444444444444    0.22222222222222    0.10000000000000             4
   -0.33333333333334    0.22222222222222    0.10000000000000             4
   -0.22222222222222    0.22222222222222    0.10000000000000             4
   -0.11111111111111    0.22222222222222    0.10000000000000             4
    0.33333333333334    0.33333333333334    0.10000000000000             2
    0.44444444444444    0.33333333333334    0.10000000000000             4
   -0.44444444444444    0.33333333333334    0.10000000000000             4
   -0.33333333333334    0.33333333333334    0.10000000000000             4
   -0.22222222222222    0.33333333333334    0.10000000000000             4
   -0.11111111111111    0.33333333333334    0.10000000000000             4
    0.44444444444444    0.44444444444444    0.10000000000001             2
   -0.44444444444444    0.44444444444444    0.10000000000001             4
   -0.33333333333334    0.44444444444444    0.10000000000001             4
   -0.22222222222222    0.44444444444444    0.10000000000001             4
   -0.11111111111111    0.44444444444444    0.10000000000001             4
   -0.44444444444444   -0.44444444444444    0.10000000000000             2
   -0.33333333333334   -0.44444444444444    0.10000000000000             4
   -0.22222222222222   -0.44444444444444    0.10000000000000             4
   -0.11111111111111   -0.44444444444444    0.10000000000000             4
   -0.33333333333334   -0.33333333333334    0.10000000000000             2
   -0.22222222222222   -0.33333333333334    0.10000000000000             4
   -0.11111111111111   -0.33333333333334    0.10000000000000             4
   -0.22222222222222   -0.22222222222222    0.10000000000000             2
   -0.11111111111111   -0.22222222222222    0.10000000000000             4
   -0.11111111111111   -0.11111111111111    0.10000000000001             2
   -0.00000000000000    0.00000000000000    0.20000000000000             2
    0.11111111111111    0.00000000000000    0.20000000000000             4
    0.22222222222222    0.00000000000000    0.20000000000000             4
    0.33333333333334    0.00000000000000    0.20000000000000             4
    0.44444444444444    0.00000000000000    0.20000000000000             4
   -0.44444444444444   -0.00000000000000    0.20000000000000             4
   -0.33333333333334   -0.00000000000000    0.20000000000000             4
   -0.22222222222222    0.00000000000000    0.20000000000000             4
   -0.11111111111111   -0.00000000000000    0.20000000000000             4
    0.11111111111111    0.11111111111111    0.20000000000000             2
    0.22222222222222    0.11111111111111    0.20000000000000             4
    0.33333333333334    0.11111111111111    0.20000000000000             4
    0.44444444444444    0.11111111111111    0.20000000000000             4
   -0.44444444444444    0.11111111111111    0.20000000000000             4
   -0.33333333333334    0.11111111111111    0.20000000000000             4
   -0.22222222222222    0.11111111111111    0.20000000000000             4
   -0.11111111111111    0.11111111111111    0.20000000000000             4
    0.22222222222222    0.22222222222222    0.20000000000000             2
    0.33333333333334    0.22222222222222    0.20000000000000             4
    0.44444444444444    0.22222222222222    0.20000000000000             4
   -0.44444444444444    0.22222222222222    0.20000000000000             4
   -0.33333333333334    0.22222222222222    0.20000000000000             4
   -0.22222222222222    0.22222222222222    0.20000000000000             4
   -0.11111111111111    0.22222222222222    0.20000000000000             4
    0.33333333333334    0.33333333333334    0.20000000000000             2
    0.44444444444444    0.33333333333334    0.20000000000000             4
   -0.44444444444444    0.33333333333334    0.20000000000000             4
   -0.33333333333334    0.33333333333334    0.20000000000000             4
   -0.22222222222222    0.33333333333334    0.20000000000000             4
   -0.11111111111111    0.33333333333334    0.20000000000000             4
    0.44444444444444    0.44444444444444    0.20000000000000             2
   -0.44444444444444    0.44444444444444    0.20000000000000             4
   -0.33333333333334    0.44444444444444    0.20000000000000             4
   -0.22222222222222    0.44444444444444    0.20000000000000             4
   -0.11111111111111    0.44444444444444    0.20000000000000             4
   -0.44444444444444   -0.44444444444444    0.20000000000000             2
   -0.33333333333334   -0.44444444444444    0.20000000000000             4
   -0.22222222222222   -0.44444444444444    0.20000000000000             4
   -0.11111111111111   -0.44444444444444    0.20000000000000             4
   -0.33333333333334   -0.33333333333334    0.20000000000000             2
   -0.22222222222222   -0.33333333333334    0.20000000000000             4
   -0.11111111111111   -0.33333333333334    0.20000000000000             4
   -0.22222222222222   -0.22222222222222    0.20000000000000             2
   -0.11111111111111   -0.22222222222222    0.20000000000000             4
   -0.11111111111111   -0.11111111111111    0.20000000000000             2
   -0.00000000000000    0.00000000000000    0.30000000000000             2
    0.11111111111111   -0.00000000000000    0.30000000000000             4
    0.22222222222222   -0.00000000000000    0.30000000000000             4
    0.33333333333334    0.00000000000000    0.30000000000000             4
    0.44444444444444   -0.00000000000000    0.30000000000000             4
   -0.44444444444444   -0.00000000000000    0.30000000000000             4
   -0.33333333333334   -0.00000000000000    0.30000000000000             4
   -0.22222222222222   -0.00000000000000    0.30000000000000             4
   -0.11111111111111    0.00000000000000    0.30000000000000             4
    0.11111111111111    0.11111111111111    0.30000000000000             2
    0.22222222222222    0.11111111111111    0.30000000000000             4
    0.33333333333334    0.11111111111111    0.30000000000000             4
    0.44444444444444    0.11111111111111    0.30000000000000             4
   -0.44444444444444    0.11111111111111    0.30000000000000             4
   -0.33333333333334    0.11111111111111    0.30000000000000             4
   -0.22222222222222    0.11111111111111    0.30000000000000             4
   -0.11111111111111    0.11111111111111    0.30000000000000             4
    0.22222222222222    0.22222222222222    0.30000000000000             2
    0.33333333333334    0.22222222222222    0.30000000000000             4
    0.44444444444444    0.22222222222222    0.30000000000000             4
   -0.44444444444444    0.22222222222222    0.30000000000000             4
   -0.33333333333334    0.22222222222222    0.30000000000000             4
   -0.22222222222222    0.22222222222222    0.30000000000000             4
   -0.11111111111111    0.22222222222222    0.30000000000000             4
    0.33333333333334    0.33333333333334    0.30000000000000             2
    0.44444444444444    0.33333333333334    0.30000000000000             4
   -0.44444444444444    0.33333333333334    0.30000000000000             4
   -0.33333333333334    0.33333333333334    0.30000000000000             4
   -0.22222222222222    0.33333333333334    0.30000000000000             4
   -0.11111111111111    0.33333333333334    0.30000000000000             4
    0.44444444444444    0.44444444444444    0.30000000000000             2
   -0.44444444444444    0.44444444444444    0.30000000000000             4
   -0.33333333333334    0.44444444444444    0.30000000000000             4
   -0.22222222222222    0.44444444444444    0.30000000000000             4
   -0.11111111111111    0.44444444444444    0.30000000000000             4
   -0.44444444444444   -0.44444444444444    0.30000000000000             2
   -0.33333333333334   -0.44444444444444    0.30000000000000             4
   -0.22222222222222   -0.44444444444444    0.30000000000000             4
   -0.11111111111111   -0.44444444444444    0.30000000000000             4
   -0.33333333333334   -0.33333333333334    0.30000000000000             2
   -0.22222222222222   -0.33333333333334    0.30000000000000             4
   -0.11111111111111   -0.33333333333334    0.30000000000000             4
   -0.22222222222222   -0.22222222222222    0.30000000000000             2
   -0.11111111111111   -0.22222222222222    0.30000000000000             4
   -0.11111111111111   -0.11111111111111    0.30000000000000             2
   -0.00000000000000    0.00000000000000    0.40000000000000             2
    0.11111111111111   -0.00000000000000    0.40000000000000             4
    0.22222222222222   -0.00000000000000    0.40000000000000             4
    0.33333333333334    0.00000000000000    0.40000000000000             4
    0.44444444444444    0.00000000000000    0.40000000000000             4
   -0.44444444444444    0.00000000000000    0.40000000000000             4
   -0.33333333333334   -0.00000000000000    0.40000000000000             4
   -0.22222222222222   -0.00000000000000    0.40000000000000             4
   -0.11111111111111   -0.00000000000000    0.40000000000000             4
    0.11111111111111    0.11111111111111    0.39999999999999             2
    0.22222222222222    0.11111111111111    0.39999999999999             4
    0.33333333333334    0.11111111111111    0.39999999999999             4
    0.44444444444444    0.11111111111111    0.39999999999999             4
   -0.44444444444444    0.11111111111111    0.39999999999999             4
   -0.33333333333334    0.11111111111111    0.39999999999999             4
   -0.22222222222222    0.11111111111111    0.39999999999999             4
   -0.11111111111111    0.11111111111111    0.39999999999999             4
    0.22222222222222    0.22222222222222    0.40000000000000             2
    0.33333333333334    0.22222222222222    0.40000000000000             4
    0.44444444444444    0.22222222222222    0.40000000000000             4
   -0.44444444444444    0.22222222222222    0.40000000000000             4
   -0.33333333333334    0.22222222222222    0.40000000000000             4
   -0.22222222222222    0.22222222222222    0.40000000000000             4
   -0.11111111111111    0.22222222222222    0.40000000000000             4
    0.33333333333334    0.33333333333334    0.40000000000000             2
    0.44444444444444    0.33333333333334    0.40000000000000             4
   -0.44444444444444    0.33333333333334    0.40000000000000             4
   -0.33333333333334    0.33333333333334    0.40000000000000             4
   -0.22222222222222    0.33333333333334    0.40000000000000             4
   -0.11111111111111    0.33333333333334    0.40000000000000             4
    0.44444444444444    0.44444444444444    0.40000000000000             2
   -0.44444444444444    0.44444444444444    0.40000000000000             4
   -0.33333333333334    0.44444444444444    0.40000000000000             4
   -0.22222222222222    0.44444444444444    0.40000000000000             4
   -0.11111111111111    0.44444444444444    0.40000000000000             4
   -0.44444444444444   -0.44444444444444    0.39999999999999             2
   -0.33333333333334   -0.44444444444444    0.39999999999999             4
   -0.22222222222222   -0.44444444444444    0.39999999999999             4
   -0.11111111111111   -0.44444444444444    0.39999999999999             4
   -0.33333333333334   -0.33333333333334    0.40000000000000             2
   -0.22222222222222   -0.33333333333334    0.40000000000000             4
   -0.11111111111111   -0.33333333333334    0.40000000000000             4
   -0.22222222222222   -0.22222222222222    0.40000000000000             2
   -0.11111111111111   -0.22222222222222    0.40000000000000             4
   -0.11111111111111   -0.11111111111111    0.40000000000000             2
   -0.00000000000000    0.00000000000000    0.50000000000000             1
    0.11111111111111   -0.00000000000000    0.50000000000000             4
    0.22222222222222    0.00000000000000    0.50000000000000             4
    0.33333333333334   -0.00000000000000    0.50000000000000             4
    0.44444444444444   -0.00000000000000    0.50000000000000             4
    0.11111111111111    0.11111111111111    0.50000000000000             2
    0.22222222222222    0.11111111111111    0.50000000000000             4
    0.33333333333334    0.11111111111111    0.50000000000000             4
    0.44444444444444    0.11111111111111    0.50000000000000             4
   -0.44444444444444    0.11111111111111    0.50000000000000             4
   -0.33333333333334    0.11111111111111    0.50000000000000             4
   -0.22222222222222    0.11111111111111    0.50000000000000             4
   -0.11111111111111    0.11111111111111    0.50000000000000             2
    0.22222222222222    0.22222222222222    0.50000000000000             2
    0.33333333333334    0.22222222222222    0.50000000000000             4
    0.44444444444444    0.22222222222222    0.50000000000000             4
   -0.44444444444444    0.22222222222222    0.50000000000000             4
   -0.33333333333334    0.22222222222222    0.50000000000000             4
   -0.22222222222222    0.22222222222222    0.50000000000000             2
    0.33333333333334    0.33333333333334    0.49999999999999             2
    0.44444444444444    0.33333333333334    0.49999999999999             4
   -0.44444444444444    0.33333333333334    0.50000000000000             4
   -0.33333333333334    0.33333333333334    0.50000000000000             2
    0.44444444444444    0.44444444444444    0.50000000000000             2
   -0.44444444444444    0.44444444444444    0.50000000000000             2
Tetrahedra
      1215    0.00020576131687
         4         1         2         6        26
         4         2         6        26        27
         4         6        26        27        35
         4         2         3         7        27
         4         2         6         7        27
         4         6         7        27        35
         4         3         7        27        28
         4         7        27        28        36
         4         7        27        35        36
         4         3         4         8        28
         4         3         7         8        28
         4         7         8        28        36
         4         4         8        28        29
         4         8        28        29        37
         4         8        28        36        37
         4         4         5         9        29
         4         4         8         9        29
         4         8         9        29        37
         4         5         9        29        30
         4         9        29        30        38
         4         9        29        37        38
         4         5         5        10        30
         4         5         9        10        30
         4         9        10        30        38
         4         5        10        30        31
         4        10        30        31        39
         4        10        30        38        39
         4         4         5        11        31
         4         5        10        11        31
         4        10        11        31        39
         4         4        11        31        32
         4        11        31        32        40
         4        11        31        39        40
         4         3         4        12        32
         4         4        11        12        32
         4        11        12        32        40
         4         3        12        32        33
         4        12        32        33        41
         4        12        32        40        41
         4         2         3        13        33
         4         3        12        13        33
         4        12        13        33        41
         4         2        13        33        34
         4        13        33        34        42
         4        13        33        41        42
         4         1         2         2        34
         4         2         2        13        34
         4         2        13        34        42
         4         1         2        26        34
         4         2        26        27        34
         4         2        27        34        42
         4         6         7        14        35
         4         7        14        35        36
         4        14        35        36        43
         4         7         8        15        36
         4         7        14        15        36
         4        14        15        36        43
         4         8        15        36        37
         4        15        36        37        44
         4        15        36        43        44
         4         8         9        16        37
         4         8        15        16        37
         4        15        16        37        44
         4         9        16        37        38
         4        16        37        38        45
         4        16        37        44        45
         4         9        10        17        38
         4         9        16        17        38
         4        16        17        38        45
         4        10        17        38        39
         4        17        38        39        46
         4        17        38        45        46
         4        10        11        18        39
         4        10        17        18        39
         4        17        18        39        46
         4        11        18        39        40
         4        18        39        40        47
         4        18        39        46        47
         4        11        12        19        40
         4        11        18        19        40
         4        18        19        40        47
         4        12        19        40        41
         4        19        40        41        48
         4        19        40        47        48
         4        12        12        13        41
         4        12        12        19        41
         4        12        19        41        48
         4        12        13        41        42
         4        12        41        42        49
         4        12        41        48        49
         4         2         3        13        42
         4         3        12        13        42
         4         3        12        42        49
         4         2         3        27        42
         4         3        27        28        42
         4         3        28        42        49
         4        14        15        20        43
         4        15        20        43        44
         4        20        43        44        50
         4        15        16        21        44
         4        15        20        21        44
         4        20        21        44        50
         4        16        21        44        45
         4        21        44        45        51
         4        21        44        50        51
         4        16        17        22        45
         4        16        21        22        45
         4        21        22        45        51
         4        17        22        45        46
         4        22        45        46        52
         4        22        45        51        52
         4        17        18        23        46
         4        17        22        23        46
         4        22        23        46        52
         4        18        23        46        47
         4        23        46        47        53
         4        23        46        52        53
         4        18        18        19        47
         4        18        18        23        47
         4        18        23        47        53
         4        18        19        47        48
         4        18        47        48        54
         4        18        47        53        54
         4        11        12        19        48
         4        11        18        19        48
         4        11        18        48        54
         4        11        12        48        49
         4        11        48        49        55
         4        11        48        54        55
         4         3         4        12        49
         4         4        11        12        49
         4         4        11        49        55
         4         3         4        28        49
         4         4        28        29        49
         4         4        29        49        55
         4        20        21        24        50
         4        21        24        50        51
         4        24        50        51        56
         4        21        22        25        51
         4        21        24        25        51
         4        24        25        51        56
         4        22        25        51        52
         4        25        51        52        57
         4        25        51        56        57
         4        22        22        23        52
         4        22        22        25        52
         4        22        25        52        57
         4        22        23        52        53
         4        22        52        53        58
         4        22        52        57        58
         4        17        18        23        53
         4        17        22        23        53
         4        17        22        53        58
         4        17        18        53        54
         4        17        53        54        59
         4        17        53        58        59
         4        10        11        18        54
         4        10        17        18        54
         4        10        17        54        59
         4        10        11        54        55
         4        10        54        55        60
         4        10        54        59        60
         4         4         5        11        55
         4         5        10        11        55
         4         5        10        55        60
         4         4         5        29        55
         4         5        29        30        55
         4         5        30        55        60
         4        24        24        25        56
         4        24        25        56        57
         4        24        56        57        61
         4        21        22        25        57
         4        21        24        25        57
         4        21        24        57        61
         4        21        22        57        58
         4        21        57        58        62
         4        21        57        61        62
         4        16        17        22        58
         4        16        21        22        58
         4        16        21        58        62
         4        16        17        58        59
         4        16        58        59        63
         4        16        58        62        63
         4         9        10        17        59
         4         9        16        17        59
         4         9        16        59        63
         4         9        10        59        60
         4         9        59        60        64
         4         9        59        63        64
         4         5         5        10        60
         4         5         9        10        60
         4         5         9        60        64
         4         5         5        30        60
         4         5        30        31        60
         4         5        31        60        64
         4        20        21        24        61
         4        20        21        61        62
         4        20        61        62        65
         4        15        16        21        62
         4        15        20        21        62
         4        15        20        62        65
         4        15        16        62        63
         4        15        62        63        66
         4        15        62        65        66
         4         8         9        16        63
         4         8        15        16        63
         4         8        15        63        66
         4         8         9        63        64
         4         8        63        64        67
         4         8        63        66        67
         4         4         5         9        64
         4         4         8         9        64
         4         4         8        64        67
         4         4         5        31        64
         4         4        31        32        64
         4         4        32        64        67
         4        14        15        20        65
         4        14        15        65        66
         4        14        65        66        68
         4         7         8        15        66
         4         7        14        15        66
         4         7        14        66        68
         4         7         8        66        67
         4         7        66        67        69
         4         7        66        68        69
         4         3         4         8        67
         4         3         7         8        67
         4         3         7        67        69
         4         3         4        32        67
         4         3        32        33        67
         4         3        33        67        69
         4         6         7        14        68
         4         6         7        68        69
         4         6        68        69        70
         4         2         3         7        69
         4         2         6         7        69
         4         2         6        69        70
         4         2         3        33        69
         4         2        33        34        69
         4         2        34        69        70
         4         1         2         6        70
         4         1         2        34        70
         4         1        26        34        70
         4        26        27        35        71
         4        27        35        71        72
         4        35        71        72        80
         4        27        28        36        72
         4        27        35        36        72
         4        35        36        72        80
         4        28        36        72        73
         4        36        72        73        81
         4        36        72        80        81
         4        28        29        37        73
         4        28        36        37        73
         4        36        37        73        81
         4        29        37        73        74
         4        37        73        74        82
         4        37        73        81        82
         4        29        30        38        74
         4        29        37        38        74
         4        37        38        74        82
         4        30        38        74        75
         4        38        74        75        83
         4        38        74        82        83
         4        30        31        39        75
         4        30        38        39        75
         4        38        39        75        83
         4        31        39        75        76
         4        39        75        76        84
         4        39        75        83        84
         4        31        32        40        76
         4        31        39        40        76
         4        39        40        76        84
         4        32        40        76        77
         4        40        76        77        85
         4        40        76        84        85
         4        32        33        41        77
         4        32        40        41        77
         4        40        41        77        85
         4        33        41        77        78
         4        41        77        78        86
         4        41        77        85        86
         4        33        34        42        78
         4        33        41        42        78
         4        41        42        78        86
         4        34        42        78        79
         4        42        78        79        87
         4        42        78        86        87
         4        26        27        34        79
         4        27        34        42        79
         4        27        42        79        87
         4        26        27        71        79
         4        27        71        72        79
         4        27        72        79        87
         4        35        36        43        80
         4        36        43        80        81
         4        43        80        81        88
         4        36        37        44        81
         4        36        43        44        81
         4        43        44        81        88
         4        37        44        81        82
         4        44        81        82        89
         4        44        81        88        89
         4        37        38        45        82
         4        37        44        45        82
         4        44        45        82        89
         4        38        45        82        83
         4        45        82        83        90
         4        45        82        89        90
         4        38        39        46        83
         4        38        45        46        83
         4        45        46        83        90
         4        39        46        83        84
         4        46        83        84        91
         4        46        83        90        91
         4        39        40        47        84
         4        39        46        47        84
         4        46        47        84        91
         4        40        47        84        85
         4        47        84        85        92
         4        47        84        91        92
         4        40        41        48        85
         4        40        47        48        85
         4        47        48        85        92
         4        41        48        85        86
         4        48        85        86        93
         4        48        85        92        93
         4        41        42        49        86
         4        41        48        49        86
         4        48        49        86        93
         4        42        49        86        87
         4        49        86        87        94
         4        49        86        93        94
         4        27        28        42        87
         4        28        42        49        87
         4        28        49        87        94
         4        27        28        72        87
         4        28        72        73        87
         4        28        73        87        94
         4        43        44        50        88
         4        44        50        88        89
         4        50        88        89        95
         4        44        45        51        89
         4        44        50        51        89
         4        50        51        89        95
         4        45        51        89        90
         4        51        89        90        96
         4        51        89        95        96
         4        45        46        52        90
         4        45        51        52        90
         4        51        52        90        96
         4        46        52        90        91
         4        52        90        91        97
         4        52        90        96        97
         4        46        47        53        91
         4        46        52        53        91
         4        52        53        91        97
         4        47        53        91        92
         4        53        91        92        98
         4        53        91        97        98
         4        47        48        54        92
         4        47        53        54        92
         4        53        54        92        98
         4        48        54        92        93
         4        54        92        93        99
         4        54        92        98        99
         4        48        49        55        93
         4        48        54        55        93
         4        54        55        93        99
         4        49        55        93        94
         4        55        93        94       100
         4        55        93        99       100
         4        28        29        49        94
         4        29        49        55        94
         4        29        55        94       100
         4        28        29        73        94
         4        29        73        74        94
         4        29        74        94       100
         4        50        51        56        95
         4        51        56        95        96
         4        56        95        96       101
         4        51        52        57        96
         4        51        56        57        96
         4        56        57        96       101
         4        52        57        96        97
         4        57        96        97       102
         4        57        96       101       102
         4        52        53        58        97
         4        52        57        58        97
         4        57        58        97       102
         4        53        58        97        98
         4        58        97        98       103
         4        58        97       102       103
         4        53        54        59        98
         4        53        58        59        98
         4        58        59        98       103
         4        54        59        98        99
         4        59        98        99       104
         4        59        98       103       104
         4        54        55        60        99
         4        54        59        60        99
         4        59        60        99       104
         4        55        60        99       100
         4        60        99       100       105
         4        60        99       104       105
         4        29        30        55       100
         4        30        55        60       100
         4        30        60       100       105
         4        29        30        74       100
         4        30        74        75       100
         4        30        75       100       105
         4        56        57        61       101
         4        57        61       101       102
         4        61       101       102       106
         4        57        58        62       102
         4        57        61        62       102
         4        61        62       102       106
         4        58        62       102       103
         4        62       102       103       107
         4        62       102       106       107
         4        58        59        63       103
         4        58        62        63       103
         4        62        63       103       107
         4        59        63       103       104
         4        63       103       104       108
         4        63       103       107       108
         4        59        60        64       104
         4        59        63        64       104
         4        63        64       104       108
         4        60        64       104       105
         4        64       104       105       109
         4        64       104       108       109
         4        30        31        60       105
         4        31        60        64       105
         4        31        64       105       109
         4        30        31        75       105
         4        31        75        76       105
         4        31        76       105       109
         4        61        62        65       106
         4        62        65       106       107
         4        65       106       107       110
         4        62        63        66       107
         4        62        65        66       107
         4        65        66       107       110
         4        63        66       107       108
         4        66       107       108       111
         4        66       107       110       111
         4        63        64        67       108
         4        63        66        67       108
         4        66        67       108       111
         4        64        67       108       109
         4        67       108       109       112
         4        67       108       111       112
         4        31        32        64       109
         4        32        64        67       109
         4        32        67       109       112
         4        31        32        76       109
         4        32        76        77       109
         4        32        77       109       112
         4        65        66        68       110
         4        66        68       110       111
         4        68       110       111       113
         4        66        67        69       111
         4        66        68        69       111
         4        68        69       111       113
         4        67        69       111       112
         4        69       111       112       114
         4        69       111       113       114
         4        32        33        67       112
         4        33        67        69       112
         4        33        69       112       114
         4        32        33        77       112
         4        33        77        78       112
         4        33        78       112       114
         4        68        69        70       113
         4        69        70       113       114
         4        70       113       114       115
         4        33        34        69       114
         4        34        69        70       114
         4        34        70       114       115
         4        33        34        78       114
         4        34        78        79       114
         4        34        79       114       115
         4        26        34        70       115
         4        26        34        79       115
         4        26        71        79       115
         4        71        72        80       116
         4        72        80       116       117
         4        80       116       117       125
         4        72        73        81       117
         4        72        80        81       117
         4        80        81       117       125
         4        73        81       117       118
         4        81       117       118       126
         4        81       117       125       126
         4        73        74        82       118
         4        73        81        82       118
         4        81        82       118       126
         4        74        82       118       119
         4        82       118       119       127
         4        82       118       126       127
         4        74        75        83       119
         4        74        82        83       119
         4        82        83       119       127
         4        75        83       119       120
         4        83       119       120       128
         4        83       119       127       128
         4        75        76        84       120
         4        75        83        84       120
         4        83        84       120       128
         4        76        84       120       121
         4        84       120       121       129
         4        84       120       128       129
         4        76        77        85       121
         4        76        84        85       121
         4        84        85       121       129
         4        77        85       121       122
         4        85       121       122       130
         4        85       121       129       130
         4        77        78        86       122
         4        77        85        86       122
         4        85        86       122       130
         4        78        86       122       123
         4        86       122       123       131
         4        86       122       130       131
         4        78        79        87       123
         4        78        86        87       123
         4        86        87       123       131
         4        79        87       123       124
         4        87       123       124       132
         4        87       123       131       132
         4        71        72        79       124
         4        72        79        87       124
         4        72        87       124       132
         4        71        72       116       124
         4        72       116       117       124
         4        72       117       124       132
         4        80        81        88       125
         4        81        88       125       126
         4        88       125       126       133
         4        81        82        89       126
         4        81        88        89       126
         4        88        89       126       133
         4        82        89       126       127
         4        89       126       127       134
         4        89       126       133       134
         4        82        83        90       127
         4        82        89        90       127
         4        89        90       127       134
         4        83        90       127       128
         4        90       127       128       135
         4        90       127       134       135
         4        83        84        91       128
         4        83        90        91       128
         4        90        91       128       135
         4        84        91       128       129
         4        91       128       129       136
         4        91       128       135       136
         4        84        85        92       129
         4        84        91        92       129
         4        91        92       129       136
         4        85        92       129       130
         4        92       129       130       137
         4        92       129       136       137
         4        85        86        93       130
         4        85        92        93       130
         4        92        93       130       137
         4        86        93       130       131
         4        93       130       131       138
         4        93       130       137       138
         4        86        87        94       131
         4        86        93        94       131
         4        93        94       131       138
         4        87        94       131       132
         4        94       131       132       139
         4        94       131       138       139
         4        72        73        87       132
         4        73        87        94       132
         4        73        94       132       139
         4        72        73       117       132
         4        73       117       118       132
         4        73       118       132       139
         4        88        89        95       133
         4        89        95       133       134
         4        95       133       134       140
         4        89        90        96       134
         4        89        95        96       134
         4        95        96       134       140
         4        90        96       134       135
         4        96       134       135       141
         4        96       134       140       141
         4        90        91        97       135
         4        90        96        97       135
         4        96        97       135       141
         4        91        97       135       136
         4        97       135       136       142
         4        97       135       141       142
         4        91        92        98       136
         4        91        97        98       136
         4        97        98       136       142
         4        92        98       136       137
         4        98       136       137       143
         4        98       136       142       143
         4        92        93        99       137
         4        92        98        99       137
         4        98        99       137       143
         4        93        99       137       138
         4        99       137       138       144
         4        99       137       143       144
         4        93        94       100       138
         4        93        99       100       138
         4        99       100       138       144
         4        94       100       138       139
         4       100       138       139       145
         4       100       138       144       145
         4        73        74        94       139
         4        74        94       100       139
         4        74       100       139       145
         4        73        74       118       139
         4        74       118       119       139
         4        74       119       139       145
         4        95        96       101       140
         4        96       101       140       141
         4       101       140       141       146
         4        96        97       102       141
         4        96       101       102       141
         4       101       102       141       146
         4        97       102       141       142
         4       102       141       142       147
         4       102       141       146       147
         4        97        98       103       142
         4        97       102       103       142
         4       102       103       142       147
         4        98       103       142       143
         4       103       142       143       148
         4       103       142       147       148
         4        98        99       104       143
         4        98       103       104       143
         4       103       104       143       148
         4        99       104       143       144
         4       104       143       144       149
         4       104       143       148       149
         4        99       100       105       144
         4        99       104       105       144
         4       104       105       144       149
         4       100       105       144       145
         4       105       144       145       150
         4       105       144       149       150
         4        74        75       100       145
         4        75       100       105       145
         4        75       105       145       150
         4        74        75       119       145
         4        75       119       120       145
         4        75       120       145       150
         4       101       102       106       146
         4       102       106       146       147
         4       106       146       147       151
         4       102       103       107       147
         4       102       106       107       147
         4       106       107       147       151
         4       103       107       147       148
         4       107       147       148       152
         4       107       147       151       152
         4       103       104       108       148
         4       103       107       108       148
         4       107       108       148       152
         4       104       108       148       149
         4       108       148       149       153
         4       108       148       152       153
         4       104       105       109       149
         4       104       108       109       149
         4       108       109       149       153
         4       105       109       149       150
         4       109       149       150       154
         4       109       149       153       154
         4        75        76       105       150
         4        76       105       109       150
         4        76       109       150       154
         4        75        76       120       150
         4        76       120       121       150
         4        76       121       150       154
         4       106       107       110       151
         4       107       110       151       152
         4       110       151       152       155
         4       107       108       111       152
         4       107       110       111       152
         4       110       111       152       155
         4       108       111       152       153
         4       111       152       153       156
         4       111       152       155       156
         4       108       109       112       153
         4       108       111       112       153
         4       111       112       153       156
         4       109       112       153       154
         4       112       153       154       157
         4       112       153       156       157
         4        76        77       109       154
         4        77       109       112       154
         4        77       112       154       157
         4        76        77       121       154
         4        77       121       122       154
         4        77       122       154       157
         4       110       111       113       155
         4       111       113       155       156
         4       113       155       156       158
         4       111       112       114       156
         4       111       113       114       156
         4       113       114       156       158
         4       112       114       156       157
         4       114       156       157       159
         4       114       156       158       159
         4        77        78       112       157
         4        78       112       114       157
         4        78       114       157       159
         4        77        78       122       157
         4        78       122       123       157
         4        78       123       157       159
         4       113       114       115       158
         4       114       115       158       159
         4       115       158       159       160
         4        78        79       114       159
         4        79       114       115       159
         4        79       115       159       160
         4        78        79       123       159
         4        79       123       124       159
         4        79       124       159       160
         4        71        79       115       160
         4        71        79       124       160
         4        71       116       124       160
         4       116       117       125       161
         4       117       125       161       162
         4       125       161       162       170
         4       117       118       126       162
         4       117       125       126       162
         4       125       126       162       170
         4       118       126       162       163
         4       126       162       163       171
         4       126       162       170       171
         4       118       119       127       163
         4       118       126       127       163
         4       126       127       163       171
         4       119       127       163       164
         4       127       163       164       172
         4       127       163       171       172
         4       119       120       128       164
         4       119       127       128       164
         4       127       128       164       172
         4       120       128       164       165
         4       128       164       165       173
         4       128       164       172       173
         4       120       121       129       165
         4       120       128       129       165
         4       128       129       165       173
         4       121       129       165       166
         4       129       165       166       174
         4       129       165       173       174
         4       121       122       130       166
         4       121       129       130       166
         4       129       130       166       174
         4       122       130       166       167
         4       130       166       167       175
         4       130       166       174       175
         4       122       123       131       167
         4       122       130       131       167
         4       130       131       167       175
         4       123       131       167       168
         4       131       167       168       176
         4       131       167       175       176
         4       123       124       132       168
         4       123       131       132       168
         4       131       132       168       176
         4       124       132       168       169
         4       132       168       169       177
         4       132       168       176       177
         4       116       117       124       169
         4       117       124       132       169
         4       117       132       169       177
         4       116       117       161       169
         4       117       161       162       169
         4       117       162       169       177
         4       125       126       133       170
         4       126       133       170       171
         4       133       170       171       178
         4       126       127       134       171
         4       126       133       134       171
         4       133       134       171       178
         4       127       134       171       172
         4       134       171       172       179
         4       134       171       178       179
         4       127       128       135       172
         4       127       134       135       172
         4       134       135       172       179
         4       128       135       172       173
         4       135       172       173       180
         4       135       172       179       180
         4       128       129       136       173
         4       128       135       136       173
         4       135       136       173       180
         4       129       136       173       174
         4       136       173       174       181
         4       136       173       180       181
         4       129       130       137       174
         4       129       136       137       174
         4       136       137       174       181
         4       130       137       174       175
         4       137       174       175       182
         4       137       174       181       182
         4       130       131       138       175
         4       130       137       138       175
         4       137       138       175       182
         4       131       138       175       176
         4       138       175       176       183
         4       138       175       182       183
         4       131       132       139       176
         4       131       138       139       176
         4       138       139       176       183
         4       132       139       176       177
         4       139       176       177       184
         4       139       176       183       184
         4       117       118       132       177
         4       118       132       139       177
         4       118       139       177       184
         4       117       118       162       177
         4       118       162       163       177
         4       118       163       177       184
         4       133       134       140       178
         4       134       140       178       179
         4       140       178       179       185
         4       134       135       141       179
         4       134       140       141       179
         4       140       141       179       185
         4       135       141       179       180
         4       141       179       180       186
         4       141       179       185       186
         4       135       136       142       180
         4       135       141       142       180
         4       141       142       180       186
         4       136       142       180       181
         4       142       180       181       187
         4       142       180       186       187
         4       136       137       143       181
         4       136       142       143       181
         4       142       143       181       187
         4       137       143       181       182
         4       143       181       182       188
         4       143       181       187       188
         4       137       138       144       182
         4       137       143       144       182
         4       143       144       182       188
         4       138       144       182       183
         4       144       182       183       189
         4       144       182       188       189
         4       138       139       145       183
         4       138       144       145       183
         4       144       145       183       189
         4       139       145       183       184
         4       145       183       184       190
         4       145       183       189       190
         4       118       119       139       184
         4       119       139       145       184
         4       119       145       184       190
         4       118       119       163       184
         4       119       163       164       184
         4       119       164       184       190
         4       140       141       146       185
         4       141       146       185       186
         4       146       185       186       191
         4       141       142       147       186
         4       141       146       147       186
         4       146       147       186       191
         4       142       147       186       187
         4       147       186       187       192
         4       147       186       191       192
         4       142       143       148       187
         4       142       147       148       187
         4       147       148       187       192
         4       143       148       187       188
         4       148       187       188       193
         4       148       187       192       193
         4       143       144       149       188
         4       143       148       149       188
         4       148       149       188       193
         4       144       149       188       189
         4       149       188       189       194
         4       149       188       193       194
         4       144       145       150       189
         4       144       149       150       189
         4       149       150       189       194
         4       145       150       189       190
         4       150       189       190       195
         4       150       189       194       195
         4       119       120       145       190
         4       120       145       150       190
         4       120       150       190       195
         4       119       120       164       190
         4       120       164       165       190
         4       120       165       190       195
         4       146       147       151       191
         4       147       151       191       192
         4       151       191       192       196
         4       147       148       152       192
         4       147       151       152       192
         4       151       152       192       196
         4       148       152       192       193
         4       152       192       193       197
         4       152       192       196       197
         4       148       149       153       193
         4       148       152       153       193
         4       152       153       193       197
         4       149       153       193       194
         4       153       193       194       198
         4       153       193       197       198
         4       149       150       154       194
         4       149       153       154       194
         4       153       154       194       198
         4       150       154       194       195
         4       154       194       195       199
         4       154       194       198       199
         4       120       121       150       195
         4       121       150       154       195
         4       121       154       195       199
         4       120       121       165       195
         4       121       165       166       195
         4       121       166       195       199
         4       151       152       155       196
         4       152       155       196       197
         4       155       196       197       200
         4       152       153       156       197
         4       152       155       156       197
         4       155       156       197       200
         4       153       156       197       198
         4       156       197       198       201
         4       156       197       200       201
         4       153       154       157       198
         4       153       156       157       198
         4       156       157       198       201
         4       154       157       198       199
         4       157       198       199       202
         4       157       198       201       202
         4       121       122       154       199
         4       122       154       157       199
         4       122       157       199       202
         4       121       122       166       199
         4       122       166       167       199
         4       122       167       199       202
         4       155       156       158       200
         4       156       158       200       201
         4       158       200       201       203
         4       156       157       159       201
         4       156       158       159       201
         4       158       159       201       203
         4       157       159       201       202
         4       159       201       202       204
         4       159       201       203       204
         4       122       123       157       202
         4       123       157       159       202
         4       123       159       202       204
         4       122       123       167       202
         4       123       167       168       202
         4       123       168       202       204
         4       158       159       160       203
         4       159       160       203       204
         4       160       203       204       205
         4       123       124       159       204
         4       124       159       160       204
         4       124       160       204       205
         4       123       124       168       204
         4       124       168       169       204
         4       124       169       204       205
         4       116       124       160       205
         4       116       124       169       205
         4       116       161       169       205
         4       161       162       170       206
         4       162       170       206       207
         4       170       206       207       211
         4       162       163       171       207
         4       162       170       171       207
         4       170       171       207       211
         4       163       171       207       208
         4       171       207       208       212
         4       171       207       211       212
         4       163       164       172       208
         4       163       171       172       208
         4       171       172       208       212
         4       164       172       208       209
         4       172       208       209       213
         4       172       208       212       213
         4       164       165       173       209
         4       164       172       173       209
         4       172       173       209       213
         4       165       173       209       210
         4       173       209       210       214
         4       173       209       213       214
         4       165       166       174       210
         4       165       173       174       210
         4       173       174       210       214
         4       166       174       210       210
         4       174       210       210       215
         4       174       210       214       215
         4       166       167       175       210
         4       166       174       175       210
         4       174       175       210       215
         4       167       175       209       210
         4       175       209       210       216
         4       175       210       215       216
         4       167       168       176       209
         4       167       175       176       209
         4       175       176       209       216
         4       168       176       208       209
         4       176       208       209       217
         4       176       209       216       217
         4       168       169       177       208
         4       168       176       177       208
         4       176       177       208       217
         4       169       177       207       208
         4       177       207       208       218
         4       177       208       217       218
         4       161       162       169       207
         4       162       169       177       207
         4       162       177       207       218
         4       161       162       206       207
         4       162       206       207       207
         4       162       207       207       218
         4       170       171       178       211
         4       171       178       211       212
         4       178       211       212       219
         4       171       172       179       212
         4       171       178       179       212
         4       178       179       212       219
         4       172       179       212       213
         4       179       212       213       220
         4       179       212       219       220
         4       172       173       180       213
         4       172       179       180       213
         4       179       180       213       220
         4       173       180       213       214
         4       180       213       214       221
         4       180       213       220       221
         4       173       174       181       214
         4       173       180       181       214
         4       180       181       214       221
         4       174       181       214       215
         4       181       214       215       222
         4       181       214       221       222
         4       174       175       182       215
         4       174       181       182       215
         4       181       182       215       222
         4       175       182       215       216
         4       182       215       216       223
         4       182       215       222       223
         4       175       176       183       216
         4       175       182       183       216
         4       182       183       216       223
         4       176       183       216       217
         4       183       216       217       224
         4       183       216       223       224
         4       176       177       184       217
         4       176       183       184       217
         4       183       184       217       224
         4       177       184       217       218
         4       184       217       217       218
         4       184       217       217       224
         4       162       163       177       218
         4       163       177       184       218
         4       163       184       217       218
         4       162       163       207       218
         4       163       207       208       218
         4       163       208       217       218
         4       178       179       185       219
         4       179       185       219       220
         4       185       219       220       225
         4       179       180       186       220
         4       179       185       186       220
         4       185       186       220       225
         4       180       186       220       221
         4       186       220       221       226
         4       186       220       225       226
         4       180       181       187       221
         4       180       186       187       221
         4       186       187       221       226
         4       181       187       221       222
         4       187       221       222       227
         4       187       221       226       227
         4       181       182       188       222
         4       181       187       188       222
         4       187       188       222       227
         4       182       188       222       223
         4       188       222       223       228
         4       188       222       227       228
         4       182       183       189       223
         4       182       188       189       223
         4       188       189       223       228
         4       183       189       223       224
         4       189       223       223       224
         4       189       223       223       228
         4       183       184       190       224
         4       183       189       190       224
         4       189       190       223       224
         4       184       190       217       224
         4       190       216       217       224
         4       190       216       223       224
         4       163       164       184       217
         4       164       184       190       217
         4       164       190       216       217
         4       163       164       208       217
         4       164       208       209       217
         4       164       209       216       217
         4       185       186       191       225
         4       186       191       225       226
         4       191       225       226       229
         4       186       187       192       226
         4       186       191       192       226
         4       191       192       226       229
         4       187       192       226       227
         4       192       226       227       230
         4       192       226       229       230
         4       187       188       193       227
         4       187       192       193       227
         4       192       193       227       230
         4       188       193       227       228
         4       193       227       227       228
         4       193       227       227       230
         4       188       189       194       228
         4       188       193       194       228
         4       193       194       227       228
         4       189       194       223       228
         4       194       222       223       228
         4       194       222       227       228
         4       189       190       195       223
         4       189       194       195       223
         4       194       195       222       223
         4       190       195       216       223
         4       195       215       216       223
         4       195       215       222       223
         4       164       165       190       216
         4       165       190       195       216
         4       165       195       215       216
         4       164       165       209       216
         4       165       209       210       216
         4       165       210       215       216
         4       191       192       196       229
         4       192       196       229       230
         4       196       229       229       230
         4       192       193       197       230
         4       192       196       197       230
         4       196       197       229       230
         4       193       197       227       230
         4       197       226       227       230
         4       197       226       229       230
         4       193       194       198       227
         4       193       197       198       227
         4       197       198       226       227
         4       194       198       222       227
         4       198       221       222       227
         4       198       221       226       227
         4       194       195       199       222
         4       194       198       199       222
         4       198       199       221       222
         4       195       199       215       222
         4       199       214       215       222
         4       199       214       221       222
         4       165       166       195       215
         4       166       195       199       215
         4       166       199       214       215
         4       165       166       210       215
         4       166       210       210       215
         4       166       210       214       215
         4       196       197       200       229
         4       197       200       226       229
         4       200       225       226       229
         4       197       198       201       226
         4       197       200       201       226
         4       200       201       225       226
         4       198       201       221       226
         4       201       220       221       226
         4       201       220       225       226
         4       198       199       202       221
         4       198       201       202       221
         4       201       202       220       221
         4       199       202       214       221
         4       202       213       214       221
         4       202       213       220       221
         4       166       167       199       214
         4       167       199       202       214
         4       167       202       213       214
         4       166       167       210       214
         4       167       209       210       214
         4       167       209       213       214
         4       200       201       203       225
         4       201       203       220       225
         4       203       219       220       225
         4       201       202       204       220
         4       201       203       204       220
         4       203       204       219       220
         4       202       204       213       220
         4       204       212       213       220
         4       204       212       219       220
         4       167       168       202       213
         4       168       202       204       213
         4       168       204       212       213
         4       167       168       209       213
         4       168       208       209       213
         4       168       208       212       213
         4       203       204       205       219
         4       204       205       212       219
         4       205       211       212       219
         4       168       169       204       212
         4       169       204       205       212
         4       169       205       211       212
         4       168       169       208       212
         4       169       207       208       212
         4       169       207       211       212
         4       161       169       205       211
         4       161       169       207       211
         4       161       206       207       211
