Automatically generated mesh
     111
Reciprocal lattice
    0.00000000000000    0.00000000000000    0.00000000000000             1
    0.12500000000000   -0.00000000000000    0.00000000000000             2
    0.25000000000000   -0.00000000000000    0.00000000000000             2
    0.37500000000000   -0.00000000000000    0.00000000000000             2
    0.50000000000000   -0.00000000000000    0.00000000000000             1
   -0.00000000000000    0.11111111111111    0.00000000000000             2
    0.12500000000000    0.11111111111111    0.00000000000000             2
    0.25000000000000    0.11111111111111    0.00000000000000             2
    0.37500000000000    0.11111111111111    0.00000000000000             2
    0.50000000000000    0.11111111111111    0.00000000000000             2
   -0.37500000000000    0.11111111111111    0.00000000000000             2
   -0.25000000000000    0.11111111111111    0.00000000000000             2
   -0.12500000000000    0.11111111111111    0.00000000000000             2
   -0.00000000000000    0.22222222222222    0.00000000000000             2
    0.12500000000000    0.22222222222222    0.00000000000000             2
    0.25000000000000    0.22222222222222    0.00000000000000             2
    0.37500000000000    0.22222222222222    0.00000000000000             2
    0.50000000000000    0.22222222222222    0.00000000000000             2
   -0.37500000000000    0.22222222222222    0.00000000000000             2
   -0.25000000000000    0.22222222222222    0.00000000000000             2
   -0.12500000000000    0.22222222222222    0.00000000000000             2
   -0.00000000000000    0.33333333333334    0.00000000000000             2
    0.12500000000000    0.33333333333334    0.00000000000000             2
    0.25000000000000    0.33333333333334    0.00000000000000             2
    0.37500000000000    0.33333333333334    0.00000000000000             2
    0.50000000000000    0.33333333333334    0.00000000000000             2
   -0.37500000000000    0.33333333333334    0.00000000000000             2
   -0.25000000000000    0.33333333333334    0.00000000000000             2
   -0.12500000000000    0.33333333333334    0.00000000000000             2
   -0.00000000000000    0.44444444444444    0.00000000000000             2
    0.12500000000000    0.44444444444444    0.00000000000000             2
    0.25000000000000    0.44444444444444    0.00000000000000             2
    0.37500000000000    0.44444444444444    0.00000000000000             2
    0.50000000000000    0.44444444444444    0.00000000000000             2
   -0.37500000000000    0.44444444444444    0.00000000000000             2
   -0.25000000000000    0.44444444444444    0.00000000000000             2
   -0.12500000000000    0.44444444444444    0.00000000000000             2
    0.00000000000000    0.00000000000000    0.25000000000000             2
    0.12500000000000   -0.00000000000000    0.25000000000000             4
    0.25000000000000   -0.00000000000000    0.25000000000000             4
    0.37500000000000   -0.00000000000000    0.25000000000000             4
    0.50000000000000   -0.00000000000000    0.25000000000000             2
   -0.00000000000000    0.11111111111111    0.25000000000000             4
    0.12500000000000    0.11111111111111    0.25000000000000             4
    0.25000000000000    0.11111111111111    0.25000000000000             4
    0.37500000000000    0.11111111111111    0.25000000000000             4
    0.50000000000000    0.11111111111111    0.25000000000000             4
   -0.37500000000000    0.11111111111111    0.25000000000000             4
   -0.25000000000000    0.11111111111111    0.25000000000000             4
   -0.12500000000000    0.11111111111111    0.25000000000000             4
   -0.00000000000000    0.22222222222222    0.25000000000000             4
    0.12500000000000    0.22222222222222    0.25000000000000             4
    0.25000000000000    0.22222222222222    0.25000000000000             4
    0.37500000000000    0.22222222222222    0.25000000000000             4
    0.50000000000000    0.22222222222222    0.25000000000000             4
   -0.37500000000000    0.22222222222222    0.25000000000000             4
   -0.25000000000000    0.22222222222222    0.25000000000000             4
   -0.12500000000000    0.22222222222222    0.25000000000000             4
   -0.00000000000000    0.33333333333334    0.25000000000000             4
    0.12500000000000    0.33333333333334    0.25000000000000             4
    0.25000000000000    0.33333333333334    0.25000000000000             4
    0.37500000000000    0.33333333333334    0.25000000000000             4
    0.50000000000000    0.33333333333334    0.25000000000000             4
   -0.37500000000000    0.33333333333334    0.25000000000000             4
   -0.25000000000000    0.33333333333334    0.25000000000000             4
   -0.12500000000000    0.33333333333334    0.25000000000000             4
   -0.00000000000000    0.44444444444444    0.25000000000000             4
    0.12500000000000    0.44444444444444    0.25000000000000             4
    0.25000000000000    0.44444444444444    0.25000000000000             4
    0.37500000000000    0.44444444444444    0.25000000000000             4
    0.50000000000000    0.44444444444444    0.25000000000000             4
   -0.37500000000000    0.44444444444444    0.25000000000000             4
   -0.25000000000000    0.44444444444444    0.25000000000000             4
   -0.12500000000000    0.44444444444444    0.25000000000000             4
    0.00000000000000    0.00000000000000    0.50000000000000             1
    0.12500000000000   -0.00000000000000    0.50000000000000             2
    0.25000000000000   -0.00000000000000    0.50000000000000             2
    0.37500000000000   -0.00000000000000    0.50000000000000             2
    0.50000000000000   -0.00000000000000    0.50000000000000             1
   -0.00000000000000    0.11111111111111    0.50000000000000             2
    0.12500000000000    0.11111111111111    0.50000000000000             2
    0.25000000000000    0.11111111111111    0.50000000000000             2
    0.37500000000000    0.11111111111111    0.50000000000000             2
    0.50000000000000    0.11111111111111    0.50000000000000             2
   -0.37500000000000    0.11111111111111    0.50000000000000             2
   -0.25000000000000    0.11111111111111    0.50000000000000             2
   -0.12500000000000    0.11111111111111    0.50000000000000             2
   -0.00000000000000    0.22222222222222    0.50000000000000             2
    0.12500000000000    0.22222222222222    0.50000000000000             2
    0.25000000000000    0.22222222222222    0.50000000000000             2
    0.37500000000000    0.22222222222222    0.50000000000000             2
    0.50000000000000    0.22222222222222    0.50000000000000             2
   -0.37500000000000    0.22222222222222    0.50000000000000             2
   -0.25000000000000    0.22222222222222    0.50000000000000             2
   -0.12500000000000    0.22222222222222    0.50000000000000             2
   -0.00000000000000    0.33333333333334    0.50000000000000             2
    0.12500000000000    0.33333333333334    0.50000000000000             2
    0.25000000000000    0.33333333333334    0.50000000000000             2
    0.37500000000000    0.33333333333334    0.50000000000000             2
    0.50000000000000    0.33333333333334    0.50000000000000             2
   -0.37500000000000    0.33333333333334    0.50000000000000             2
   -0.25000000000000    0.33333333333334    0.50000000000000             2
   -0.12500000000000    0.33333333333334    0.50000000000000             2
   -0.00000000000000    0.44444444444444    0.50000000000000             2
    0.12500000000000    0.44444444444444    0.50000000000000             2
    0.25000000000000    0.44444444444444    0.50000000000000             2
    0.37500000000000    0.44444444444444    0.50000000000000             2
    0.50000000000000    0.44444444444444    0.50000000000000             2
   -0.37500000000000    0.44444444444444    0.50000000000000             2
   -0.25000000000000    0.44444444444444    0.50000000000000             2
   -0.12500000000000    0.44444444444444    0.50000000000000             2
Tetrahedra
       864    0.00057870370370
         2         2         6         7        43
         2         1         2         6        43
         2         1         2        38        43
         2         2         7        43        44
         2         2        39        43        44
         2         2        38        39        43
         2         3         7         8        44
         2         2         3         7        44
         2         2         3        39        44
         2         3         8        44        45
         2         3        40        44        45
         2         3        39        40        44
         2         4         8         9        45
         2         3         4         8        45
         2         3         4        40        45
         2         4         9        45        46
         2         4        41        45        46
         2         4        40        41        45
         2         5         9        10        46
         2         4         5         9        46
         2         4         5        41        46
         2         5        10        46        47
         2         5        42        46        47
         2         5        41        42        46
         2         4        10        11        47
         2         4         5        10        47
         2         4         5        42        47
         2         4        11        47        48
         2         4        41        47        48
         2         4        41        42        47
         2         3        11        12        48
         2         3         4        11        48
         2         3         4        41        48
         2         3        12        48        49
         2         3        40        48        49
         2         3        40        41        48
         2         2        12        13        49
         2         2         3        12        49
         2         2         3        40        49
         2         2        13        49        50
         2         2        39        49        50
         2         2        39        40        49
         2         1         6        13        50
         2         1         2        13        50
         2         1         2        39        50
         2         1         6        43        50
         2         1        38        43        50
         2         1        38        39        50
         2         7        14        15        51
         2         6         7        14        51
         2         6         7        43        51
         2         7        15        51        52
         2         7        44        51        52
         2         7        43        44        51
         2         8        15        16        52
         2         7         8        15        52
         2         7         8        44        52
         2         8        16        52        53
         2         8        45        52        53
         2         8        44        45        52
         2         9        16        17        53
         2         8         9        16        53
         2         8         9        45        53
         2         9        17        53        54
         2         9        46        53        54
         2         9        45        46        53
         2        10        17        18        54
         2         9        10        17        54
         2         9        10        46        54
         2        10        18        54        55
         2        10        47        54        55
         2        10        46        47        54
         2        11        18        19        55
         2        10        11        18        55
         2        10        11        47        55
         2        11        19        55        56
         2        11        48        55        56
         2        11        47        48        55
         2        12        19        20        56
         2        11        12        19        56
         2        11        12        48        56
         2        12        20        56        57
         2        12        49        56        57
         2        12        48        49        56
         2        13        20        21        57
         2        12        13        20        57
         2        12        13        49        57
         2        13        21        57        58
         2        13        50        57        58
         2        13        49        50        57
         2         6        14        21        58
         2         6        13        21        58
         2         6        13        50        58
         2         6        14        51        58
         2         6        43        51        58
         2         6        43        50        58
         2        15        22        23        59
         2        14        15        22        59
         2        14        15        51        59
         2        15        23        59        60
         2        15        52        59        60
         2        15        51        52        59
         2        16        23        24        60
         2        15        16        23        60
         2        15        16        52        60
         2        16        24        60        61
         2        16        53        60        61
         2        16        52        53        60
         2        17        24        25        61
         2        16        17        24        61
         2        16        17        53        61
         2        17        25        61        62
         2        17        54        61        62
         2        17        53        54        61
         2        18        25        26        62
         2        17        18        25        62
         2        17        18        54        62
         2        18        26        62        63
         2        18        55        62        63
         2        18        54        55        62
         2        19        26        27        63
         2        18        19        26        63
         2        18        19        55        63
         2        19        27        63        64
         2        19        56        63        64
         2        19        55        56        63
         2        20        27        28        64
         2        19        20        27        64
         2        19        20        56        64
         2        20        28        64        65
         2        20        57        64        65
         2        20        56        57        64
         2        21        28        29        65
         2        20        21        28        65
         2        20        21        57        65
         2        21        29        65        66
         2        21        58        65        66
         2        21        57        58        65
         2        14        22        29        66
         2        14        21        29        66
         2        14        21        58        66
         2        14        22        59        66
         2        14        51        59        66
         2        14        51        58        66
         2        23        30        31        67
         2        22        23        30        67
         2        22        23        59        67
         2        23        31        67        68
         2        23        60        67        68
         2        23        59        60        67
         2        24        31        32        68
         2        23        24        31        68
         2        23        24        60        68
         2        24        32        68        69
         2        24        61        68        69
         2        24        60        61        68
         2        25        32        33        69
         2        24        25        32        69
         2        24        25        61        69
         2        25        33        69        70
         2        25        62        69        70
         2        25        61        62        69
         2        26        33        34        70
         2        25        26        33        70
         2        25        26        62        70
         2        26        34        70        71
         2        26        63        70        71
         2        26        62        63        70
         2        27        34        35        71
         2        26        27        34        71
         2        26        27        63        71
         2        27        35        71        72
         2        27        64        71        72
         2        27        63        64        71
         2        28        35        36        72
         2        27        28        35        72
         2        27        28        64        72
         2        28        36        72        73
         2        28        65        72        73
         2        28        64        65        72
         2        29        36        37        73
         2        28        29        36        73
         2        28        29        65        73
         2        29        37        73        74
         2        29        66        73        74
         2        29        65        66        73
         2        22        30        37        74
         2        22        29        37        74
         2        22        29        66        74
         2        22        30        67        74
         2        22        59        67        74
         2        22        59        66        74
         2        30        31        37        67
         2        30        30        31        67
         2        30        31        67        67
         2        31        37        67        74
         2        31        67        68        74
         2        31        67        67        68
         2        32        36        37        74
         2        31        32        37        74
         2        31        32        68        74
         2        32        36        73        74
         2        32        69        73        74
         2        32        68        69        74
         2        33        35        36        73
         2        32        33        36        73
         2        32        33        69        73
         2        33        35        72        73
         2        33        70        72        73
         2        33        69        70        73
         2        34        34        35        72
         2        33        34        35        72
         2        33        34        70        72
         2        34        34        71        72
         2        34        71        71        72
         2        34        70        71        72
         2        33        34        35        71
         2        34        34        35        71
         2        34        35        71        71
         2        33        35        70        71
         2        35        70        71        72
         2        35        71        71        72
         2        32        33        36        70
         2        33        35        36        70
         2        35        36        70        72
         2        32        36        69        70
         2        36        69        70        73
         2        36        70        72        73
         2        31        32        37        69
         2        32        36        37        69
         2        36        37        69        73
         2        31        37        68        69
         2        37        68        69        74
         2        37        69        73        74
         2        30        30        31        68
         2        30        31        37        68
         2        30        37        68        74
         2        30        30        67        68
         2        30        67        67        68
         2        30        67        68        74
         2        22        29        37        59
         2        22        30        37        59
         2        30        37        59        67
         2        29        37        59        66
         2        37        59        66        74
         2        37        59        67        74
         2        28        29        36        66
         2        29        36        37        66
         2        36        37        66        74
         2        28        36        65        66
         2        36        65        66        73
         2        36        66        73        74
         2        27        28        35        65
         2        28        35        36        65
         2        35        36        65        73
         2        27        35        64        65
         2        35        64        65        72
         2        35        65        72        73
         2        26        27        34        64
         2        27        34        35        64
         2        34        35        64        72
         2        26        34        63        64
         2        34        63        64        71
         2        34        64        71        72
         2        25        26        33        63
         2        26        33        34        63
         2        33        34        63        71
         2        25        33        62        63
         2        33        62        63        70
         2        33        63        70        71
         2        24        25        32        62
         2        25        32        33        62
         2        32        33        62        70
         2        24        32        61        62
         2        32        61        62        69
         2        32        62        69        70
         2        23        24        31        61
         2        24        31        32        61
         2        31        32        61        69
         2        23        31        60        61
         2        31        60        61        68
         2        31        61        68        69
         2        22        23        30        60
         2        23        30        31        60
         2        30        31        60        68
         2        22        30        59        60
         2        30        59        60        67
         2        30        60        67        68
         2        14        21        29        51
         2        14        22        29        51
         2        22        29        51        59
         2        21        29        51        58
         2        29        51        58        66
         2        29        51        59        66
         2        20        21        28        58
         2        21        28        29        58
         2        28        29        58        66
         2        20        28        57        58
         2        28        57        58        65
         2        28        58        65        66
         2        19        20        27        57
         2        20        27        28        57
         2        27        28        57        65
         2        19        27        56        57
         2        27        56        57        64
         2        27        57        64        65
         2        18        19        26        56
         2        19        26        27        56
         2        26        27        56        64
         2        18        26        55        56
         2        26        55        56        63
         2        26        56        63        64
         2        17        18        25        55
         2        18        25        26        55
         2        25        26        55        63
         2        17        25        54        55
         2        25        54        55        62
         2        25        55        62        63
         2        16        17        24        54
         2        17        24        25        54
         2        24        25        54        62
         2        16        24        53        54
         2        24        53        54        61
         2        24        54        61        62
         2        15        16        23        53
         2        16        23        24        53
         2        23        24        53        61
         2        15        23        52        53
         2        23        52        53        60
         2        23        53        60        61
         2        14        15        22        52
         2        15        22        23        52
         2        22        23        52        60
         2        14        22        51        52
         2        22        51        52        59
         2        22        52        59        60
         2         6        13        21        43
         2         6        14        21        43
         2        14        21        43        51
         2        13        21        43        50
         2        21        43        50        58
         2        21        43        51        58
         2        12        13        20        50
         2        13        20        21        50
         2        20        21        50        58
         2        12        20        49        50
         2        20        49        50        57
         2        20        50        57        58
         2        11        12        19        49
         2        12        19        20        49
         2        19        20        49        57
         2        11        19        48        49
         2        19        48        49        56
         2        19        49        56        57
         2        10        11        18        48
         2        11        18        19        48
         2        18        19        48        56
         2        10        18        47        48
         2        18        47        48        55
         2        18        48        55        56
         2         9        10        17        47
         2        10        17        18        47
         2        17        18        47        55
         2         9        17        46        47
         2        17        46        47        54
         2        17        47        54        55
         2         8         9        16        46
         2         9        16        17        46
         2        16        17        46        54
         2         8        16        45        46
         2        16        45        46        53
         2        16        46        53        54
         2         7         8        15        45
         2         8        15        16        45
         2        15        16        45        53
         2         7        15        44        45
         2        15        44        45        52
         2        15        45        52        53
         2         6         7        14        44
         2         7        14        15        44
         2        14        15        44        52
         2         6        14        43        44
         2        14        43        44        51
         2        14        44        51        52
         2         1         2        13        38
         2         1         6        13        38
         2         6        13        38        43
         2         2        13        38        39
         2        13        38        39        50
         2        13        38        43        50
         2         2         3        12        39
         2         2        12        13        39
         2        12        13        39        50
         2         3        12        39        40
         2        12        39        40        49
         2        12        39        49        50
         2         3         4        11        40
         2         3        11        12        40
         2        11        12        40        49
         2         4        11        40        41
         2        11        40        41        48
         2        11        40        48        49
         2         4         5        10        41
         2         4        10        11        41
         2        10        11        41        48
         2         5        10        41        42
         2        10        41        42        47
         2        10        41        47        48
         2         4         5         9        42
         2         5         9        10        42
         2         9        10        42        47
         2         4         9        41        42
         2         9        41        42        46
         2         9        42        46        47
         2         3         4         8        41
         2         4         8         9        41
         2         8         9        41        46
         2         3         8        40        41
         2         8        40        41        45
         2         8        41        45        46
         2         2         3         7        40
         2         3         7         8        40
         2         7         8        40        45
         2         2         7        39        40
         2         7        39        40        44
         2         7        40        44        45
         2         1         2         6        39
         2         2         6         7        39
         2         6         7        39        44
         2         1         6        38        39
         2         6        38        39        43
         2         6        39        43        44
         2        39        43        44        80
         2        38        39        43        80
         2        38        39        75        80
         2        39        44        80        81
         2        39        76        80        81
         2        39        75        76        80
         2        40        44        45        81
         2        39        40        44        81
         2        39        40        76        81
         2        40        45        81        82
         2        40        77        81        82
         2        40        76        77        81
         2        41        45        46        82
         2        40        41        45        82
         2        40        41        77        82
         2        41        46        82        83
         2        41        78        82        83
         2        41        77        78        82
         2        42        46        47        83
         2        41        42        46        83
         2        41        42        78        83
         2        42        47        83        84
         2        42        79        83        84
         2        42        78        79        83
         2        41        47        48        84
         2        41        42        47        84
         2        41        42        79        84
         2        41        48        84        85
         2        41        78        84        85
         2        41        78        79        84
         2        40        48        49        85
         2        40        41        48        85
         2        40        41        78        85
         2        40        49        85        86
         2        40        77        85        86
         2        40        77        78        85
         2        39        49        50        86
         2        39        40        49        86
         2        39        40        77        86
         2        39        50        86        87
         2        39        76        86        87
         2        39        76        77        86
         2        38        43        50        87
         2        38        39        50        87
         2        38        39        76        87
         2        38        43        80        87
         2        38        75        80        87
         2        38        75        76        87
         2        44        51        52        88
         2        43        44        51        88
         2        43        44        80        88
         2        44        52        88        89
         2        44        81        88        89
         2        44        80        81        88
         2        45        52        53        89
         2        44        45        52        89
         2        44        45        81        89
         2        45        53        89        90
         2        45        82        89        90
         2        45        81        82        89
         2        46        53        54        90
         2        45        46        53        90
         2        45        46        82        90
         2        46        54        90        91
         2        46        83        90        91
         2        46        82        83        90
         2        47        54        55        91
         2        46        47        54        91
         2        46        47        83        91
         2        47        55        91        92
         2        47        84        91        92
         2        47        83        84        91
         2        48        55        56        92
         2        47        48        55        92
         2        47        48        84        92
         2        48        56        92        93
         2        48        85        92        93
         2        48        84        85        92
         2        49        56        57        93
         2        48        49        56        93
         2        48        49        85        93
         2        49        57        93        94
         2        49        86        93        94
         2        49        85        86        93
         2        50        57        58        94
         2        49        50        57        94
         2        49        50        86        94
         2        50        58        94        95
         2        50        87        94        95
         2        50        86        87        94
         2        43        51        58        95
         2        43        50        58        95
         2        43        50        87        95
         2        43        51        88        95
         2        43        80        88        95
         2        43        80        87        95
         2        52        59        60        96
         2        51        52        59        96
         2        51        52        88        96
         2        52        60        96        97
         2        52        89        96        97
         2        52        88        89        96
         2        53        60        61        97
         2        52        53        60        97
         2        52        53        89        97
         2        53        61        97        98
         2        53        90        97        98
         2        53        89        90        97
         2        54        61        62        98
         2        53        54        61        98
         2        53        54        90        98
         2        54        62        98        99
         2        54        91        98        99
         2        54        90        91        98
         2        55        62        63        99
         2        54        55        62        99
         2        54        55        91        99
         2        55        63        99       100
         2        55        92        99       100
         2        55        91        92        99
         2        56        63        64       100
         2        55        56        63       100
         2        55        56        92       100
         2        56        64       100       101
         2        56        93       100       101
         2        56        92        93       100
         2        57        64        65       101
         2        56        57        64       101
         2        56        57        93       101
         2        57        65       101       102
         2        57        94       101       102
         2        57        93        94       101
         2        58        65        66       102
         2        57        58        65       102
         2        57        58        94       102
         2        58        66       102       103
         2        58        95       102       103
         2        58        94        95       102
         2        51        59        66       103
         2        51        58        66       103
         2        51        58        95       103
         2        51        59        96       103
         2        51        88        96       103
         2        51        88        95       103
         2        60        67        68       104
         2        59        60        67       104
         2        59        60        96       104
         2        60        68       104       105
         2        60        97       104       105
         2        60        96        97       104
         2        61        68        69       105
         2        60        61        68       105
         2        60        61        97       105
         2        61        69       105       106
         2        61        98       105       106
         2        61        97        98       105
         2        62        69        70       106
         2        61        62        69       106
         2        61        62        98       106
         2        62        70       106       107
         2        62        99       106       107
         2        62        98        99       106
         2        63        70        71       107
         2        62        63        70       107
         2        62        63        99       107
         2        63        71       107       108
         2        63       100       107       108
         2        63        99       100       107
         2        64        71        72       108
         2        63        64        71       108
         2        63        64       100       108
         2        64        72       108       109
         2        64       101       108       109
         2        64       100       101       108
         2        65        72        73       109
         2        64        65        72       109
         2        64        65       101       109
         2        65        73       109       110
         2        65       102       109       110
         2        65       101       102       109
         2        66        73        74       110
         2        65        66        73       110
         2        65        66       102       110
         2        66        74       110       111
         2        66       103       110       111
         2        66       102       103       110
         2        59        67        74       111
         2        59        66        74       111
         2        59        66       103       111
         2        59        67       104       111
         2        59        96       104       111
         2        59        96       103       111
         2        67        68        74       104
         2        67        67        68       104
         2        67        68       104       104
         2        68        74       104       111
         2        68       104       105       111
         2        68       104       104       105
         2        69        73        74       111
         2        68        69        74       111
         2        68        69       105       111
         2        69        73       110       111
         2        69       106       110       111
         2        69       105       106       111
         2        70        72        73       110
         2        69        70        73       110
         2        69        70       106       110
         2        70        72       109       110
         2        70       107       109       110
         2        70       106       107       110
         2        71        71        72       109
         2        70        71        72       109
         2        70        71       107       109
         2        71        71       108       109
         2        71       108       108       109
         2        71       107       108       109
         2        70        71        72       108
         2        71        71        72       108
         2        71        72       108       108
         2        70        72       107       108
         2        72       107       108       109
         2        72       108       108       109
         2        69        70        73       107
         2        70        72        73       107
         2        72        73       107       109
         2        69        73       106       107
         2        73       106       107       110
         2        73       107       109       110
         2        68        69        74       106
         2        69        73        74       106
         2        73        74       106       110
         2        68        74       105       106
         2        74       105       106       111
         2        74       106       110       111
         2        67        67        68       105
         2        67        68        74       105
         2        67        74       105       111
         2        67        67       104       105
         2        67       104       104       105
         2        67       104       105       111
         2        59        66        74        96
         2        59        67        74        96
         2        67        74        96       104
         2        66        74        96       103
         2        74        96       103       111
         2        74        96       104       111
         2        65        66        73       103
         2        66        73        74       103
         2        73        74       103       111
         2        65        73       102       103
         2        73       102       103       110
         2        73       103       110       111
         2        64        65        72       102
         2        65        72        73       102
         2        72        73       102       110
         2        64        72       101       102
         2        72       101       102       109
         2        72       102       109       110
         2        63        64        71       101
         2        64        71        72       101
         2        71        72       101       109
         2        63        71       100       101
         2        71       100       101       108
         2        71       101       108       109
         2        62        63        70       100
         2        63        70        71       100
         2        70        71       100       108
         2        62        70        99       100
         2        70        99       100       107
         2        70       100       107       108
         2        61        62        69        99
         2        62        69        70        99
         2        69        70        99       107
         2        61        69        98        99
         2        69        98        99       106
         2        69        99       106       107
         2        60        61        68        98
         2        61        68        69        98
         2        68        69        98       106
         2        60        68        97        98
         2        68        97        98       105
         2        68        98       105       106
         2        59        60        67        97
         2        60        67        68        97
         2        67        68        97       105
         2        59        67        96        97
         2        67        96        97       104
         2        67        97       104       105
         2        51        58        66        88
         2        51        59        66        88
         2        59        66        88        96
         2        58        66        88        95
         2        66        88        95       103
         2        66        88        96       103
         2        57        58        65        95
         2        58        65        66        95
         2        65        66        95       103
         2        57        65        94        95
         2        65        94        95       102
         2        65        95       102       103
         2        56        57        64        94
         2        57        64        65        94
         2        64        65        94       102
         2        56        64        93        94
         2        64        93        94       101
         2        64        94       101       102
         2        55        56        63        93
         2        56        63        64        93
         2        63        64        93       101
         2        55        63        92        93
         2        63        92        93       100
         2        63        93       100       101
         2        54        55        62        92
         2        55        62        63        92
         2        62        63        92       100
         2        54        62        91        92
         2        62        91        92        99
         2        62        92        99       100
         2        53        54        61        91
         2        54        61        62        91
         2        61        62        91        99
         2        53        61        90        91
         2        61        90        91        98
         2        61        91        98        99
         2        52        53        60        90
         2        53        60        61        90
         2        60        61        90        98
         2        52        60        89        90
         2        60        89        90        97
         2        60        90        97        98
         2        51        52        59        89
         2        52        59        60        89
         2        59        60        89        97
         2        51        59        88        89
         2        59        88        89        96
         2        59        89        96        97
         2        43        50        58        80
         2        43        51        58        80
         2        51        58        80        88
         2        50        58        80        87
         2        58        80        87        95
         2        58        80        88        95
         2        49        50        57        87
         2        50        57        58        87
         2        57        58        87        95
         2        49        57        86        87
         2        57        86        87        94
         2        57        87        94        95
         2        48        49        56        86
         2        49        56        57        86
         2        56        57        86        94
         2        48        56        85        86
         2        56        85        86        93
         2        56        86        93        94
         2        47        48        55        85
         2        48        55        56        85
         2        55        56        85        93
         2        47        55        84        85
         2        55        84        85        92
         2        55        85        92        93
         2        46        47        54        84
         2        47        54        55        84
         2        54        55        84        92
         2        46        54        83        84
         2        54        83        84        91
         2        54        84        91        92
         2        45        46        53        83
         2        46        53        54        83
         2        53        54        83        91
         2        45        53        82        83
         2        53        82        83        90
         2        53        83        90        91
         2        44        45        52        82
         2        45        52        53        82
         2        52        53        82        90
         2        44        52        81        82
         2        52        81        82        89
         2        52        82        89        90
         2        43        44        51        81
         2        44        51        52        81
         2        51        52        81        89
         2        43        51        80        81
         2        51        80        81        88
         2        51        81        88        89
         2        38        39        50        75
         2        38        43        50        75
         2        43        50        75        80
         2        39        50        75        76
         2        50        75        76        87
         2        50        75        80        87
         2        39        40        49        76
         2        39        49        50        76
         2        49        50        76        87
         2        40        49        76        77
         2        49        76        77        86
         2        49        76        86        87
         2        40        41        48        77
         2        40        48        49        77
         2        48        49        77        86
         2        41        48        77        78
         2        48        77        78        85
         2        48        77        85        86
         2        41        42        47        78
         2        41        47        48        78
         2        47        48        78        85
         2        42        47        78        79
         2        47        78        79        84
         2        47        78        84        85
         2        41        42        46        79
         2        42        46        47        79
         2        46        47        79        84
         2        41        46        78        79
         2        46        78        79        83
         2        46        79        83        84
         2        40        41        45        78
         2        41        45        46        78
         2        45        46        78        83
         2        40        45        77        78
         2        45        77        78        82
         2        45        78        82        83
         2        39        40        44        77
         2        40        44        45        77
         2        44        45        77        82
         2        39        44        76        77
         2        44        76        77        81
         2        44        77        81        82
         2        38        39        43        76
         2        39        43        44        76
         2        43        44        76        81
         2        38        43        75        76
         2        43        75        76        80
         2        43        76        80        81
