Automatically generated mesh
     138
Reciprocal lattice
    0.00000000000000    0.00000000000000    0.00000000000000             1
    0.10000000000000    0.00000000000000    0.00000000000000             2
    0.20000000000000    0.00000000000000    0.00000000000000             2
    0.30000000000000    0.00000000000000    0.00000000000000             2
    0.40000000000000    0.00000000000000    0.00000000000000             2
    0.50000000000000    0.00000000000000    0.00000000000000             1
    0.00000000000000    0.11111111111111    0.00000000000000             2
    0.10000000000000    0.11111111111111    0.00000000000000             2
    0.20000000000000    0.11111111111111    0.00000000000000             2
    0.30000000000000    0.11111111111111    0.00000000000000             2
    0.40000000000000    0.11111111111111    0.00000000000000             2
    0.50000000000000    0.11111111111111    0.00000000000000             2
   -0.40000000000000    0.11111111111111    0.00000000000000             2
   -0.30000000000000    0.11111111111111    0.00000000000000             2
   -0.20000000000000    0.11111111111111    0.00000000000000             2
   -0.10000000000000    0.11111111111111    0.00000000000000             2
    0.00000000000000    0.22222222222222    0.00000000000000             2
    0.10000000000000    0.22222222222222    0.00000000000000             2
    0.20000000000000    0.22222222222222    0.00000000000000             2
    0.30000000000000    0.22222222222222    0.00000000000000             2
    0.40000000000000    0.22222222222222    0.00000000000000             2
    0.50000000000000    0.22222222222222    0.00000000000000             2
   -0.40000000000000    0.22222222222222    0.00000000000000             2
   -0.30000000000000    0.22222222222222    0.00000000000000             2
   -0.20000000000000    0.22222222222222    0.00000000000000             2
   -0.10000000000000    0.22222222222222    0.00000000000000             2
   -0.00000000000000    0.33333333333334    0.00000000000000             2
    0.10000000000000    0.33333333333334    0.00000000000000             2
    0.20000000000000    0.33333333333334    0.00000000000000             2
    0.30000000000000    0.33333333333334    0.00000000000000             2
    0.40000000000000    0.33333333333334    0.00000000000000             2
    0.50000000000000    0.33333333333334    0.00000000000000             2
   -0.40000000000000    0.33333333333334    0.00000000000000             2
   -0.30000000000000    0.33333333333334    0.00000000000000             2
   -0.20000000000000    0.33333333333334    0.00000000000000             2
   -0.10000000000000    0.33333333333334    0.00000000000000             2
    0.00000000000000    0.44444444444444    0.00000000000000             2
    0.10000000000000    0.44444444444444    0.00000000000000             2
    0.20000000000000    0.44444444444444    0.00000000000000             2
    0.30000000000000    0.44444444444444    0.00000000000000             2
    0.40000000000000    0.44444444444444    0.00000000000000             2
    0.50000000000000    0.44444444444444    0.00000000000000             2
   -0.40000000000000    0.44444444444444    0.00000000000000             2
   -0.30000000000000    0.44444444444444    0.00000000000000             2
   -0.20000000000000    0.44444444444444    0.00000000000000             2
   -0.10000000000000    0.44444444444444    0.00000000000000             2
    0.00000000000000    0.00000000000000    0.25000000000000             2
    0.10000000000000    0.00000000000000    0.25000000000000             4
    0.20000000000000    0.00000000000000    0.25000000000000             4
    0.30000000000000    0.00000000000000    0.25000000000000             4
    0.40000000000000    0.00000000000000    0.25000000000000             4
    0.50000000000000    0.00000000000000    0.25000000000000             2
    0.00000000000000    0.11111111111111    0.25000000000000             4
    0.10000000000000    0.11111111111111    0.25000000000000             4
    0.20000000000000    0.11111111111111    0.25000000000000             4
    0.30000000000000    0.11111111111111    0.25000000000000             4
    0.40000000000000    0.11111111111111    0.25000000000000             4
    0.50000000000000    0.11111111111111    0.25000000000000             4
   -0.40000000000000    0.11111111111111    0.25000000000000             4
   -0.30000000000000    0.11111111111111    0.25000000000000             4
   -0.20000000000000    0.11111111111111    0.25000000000000             4
   -0.10000000000000    0.11111111111111    0.25000000000000             4
    0.00000000000000    0.22222222222222    0.25000000000000             4
    0.10000000000000    0.22222222222222    0.25000000000000             4
    0.20000000000000    0.22222222222222    0.25000000000000             4
    0.30000000000000    0.22222222222222    0.25000000000000             4
    0.40000000000000    0.22222222222222    0.25000000000000             4
    0.50000000000000    0.22222222222222    0.25000000000000             4
   -0.40000000000000    0.22222222222222    0.25000000000000             4
   -0.30000000000000    0.22222222222222    0.25000000000000             4
   -0.20000000000000    0.22222222222222    0.25000000000000             4
   -0.10000000000000    0.22222222222222    0.25000000000000             4
   -0.00000000000000    0.33333333333334    0.25000000000000             4
    0.10000000000000    0.33333333333334    0.25000000000000             4
    0.20000000000000    0.33333333333334    0.25000000000000             4
    0.30000000000000    0.33333333333334    0.25000000000000             4
    0.40000000000000    0.33333333333334    0.25000000000000             4
    0.50000000000000    0.33333333333334    0.25000000000000             4
   -0.40000000000000    0.33333333333334    0.25000000000000             4
   -0.30000000000000    0.33333333333334    0.25000000000000             4
   -0.20000000000000    0.33333333333334    0.25000000000000             4
   -0.10000000000000    0.33333333333334    0.25000000000000             4
    0.00000000000000    0.44444444444444    0.25000000000000             4
    0.10000000000000    0.44444444444444    0.25000000000000             4
    0.20000000000000    0.44444444444444    0.25000000000000             4
    0.30000000000000    0.44444444444444    0.25000000000000             4
    0.40000000000000    0.44444444444444    0.25000000000000             4
    0.50000000000000    0.44444444444444    0.25000000000000             4
   -0.40000000000000    0.44444444444444    0.25000000000000             4
   -0.30000000000000    0.44444444444444    0.25000000000000             4
   -0.20000000000000    0.44444444444444    0.25000000000000             4
   -0.10000000000000    0.44444444444444    0.25000000000000             4
    0.00000000000000    0.00000000000000    0.50000000000000             1
    0.10000000000000    0.00000000000000    0.50000000000000             2
    0.20000000000000    0.00000000000000    0.50000000000000             2
    0.30000000000000    0.00000000000000    0.50000000000000             2
    0.40000000000000    0.00000000000000    0.50000000000000             2
    0.50000000000000    0.00000000000000    0.50000000000000             1
    0.00000000000000    0.11111111111111    0.50000000000000             2
    0.10000000000000    0.11111111111111    0.50000000000000             2
    0.20000000000000    0.11111111111111    0.50000000000000             2
    0.30000000000000    0.11111111111111    0.50000000000000             2
    0.40000000000000    0.11111111111111    0.50000000000000             2
    0.50000000000000    0.11111111111111    0.50000000000000             2
   -0.40000000000000    0.11111111111111    0.50000000000000             2
   -0.30000000000000    0.11111111111111    0.50000000000000             2
   -0.20000000000000    0.11111111111111    0.50000000000000             2
   -0.10000000000000    0.11111111111111    0.50000000000000             2
    0.00000000000000    0.22222222222222    0.50000000000000             2
    0.10000000000000    0.22222222222222    0.50000000000000             2
    0.20000000000000    0.22222222222222    0.50000000000000             2
    0.30000000000000    0.22222222222222    0.50000000000000             2
    0.40000000000000    0.22222222222222    0.50000000000000             2
    0.50000000000000    0.22222222222222    0.50000000000000             2
   -0.40000000000000    0.22222222222222    0.50000000000000             2
   -0.30000000000000    0.22222222222222    0.50000000000000             2
   -0.20000000000000    0.22222222222222    0.50000000000000             2
   -0.10000000000000    0.22222222222222    0.50000000000000             2
   -0.00000000000000    0.33333333333334    0.50000000000000             2
    0.10000000000000    0.33333333333334    0.50000000000000             2
    0.20000000000000    0.33333333333334    0.50000000000000             2
    0.30000000000000    0.33333333333334    0.50000000000000             2
    0.40000000000000    0.33333333333334    0.50000000000000             2
    0.50000000000000    0.33333333333334    0.50000000000000             2
   -0.40000000000000    0.33333333333334    0.50000000000000             2
   -0.30000000000000    0.33333333333334    0.50000000000000             2
   -0.20000000000000    0.33333333333334    0.50000000000000             2
   -0.10000000000000    0.33333333333334    0.50000000000000             2
    0.00000000000000    0.44444444444444    0.50000000000000             2
    0.10000000000000    0.44444444444444    0.50000000000000             2
    0.20000000000000    0.44444444444444    0.50000000000000             2
    0.30000000000000    0.44444444444444    0.50000000000000             2
    0.40000000000000    0.44444444444444    0.50000000000000             2
    0.50000000000000    0.44444444444444    0.50000000000000             2
   -0.40000000000000    0.44444444444444    0.50000000000000             2
   -0.30000000000000    0.44444444444444    0.50000000000000             2
   -0.20000000000000    0.44444444444444    0.50000000000000             2
   -0.10000000000000    0.44444444444444    0.50000000000000             2
Tetrahedra
      1080    0.00046296296296
         2         1         2         7        48
         2         2         7         8        48
         2         7         8        48        54
         2         1         7        47        48
         2         7        47        48        53
         2         7        48        53        54
         2         2         3         8        49
         2         3         8         9        49
         2         8         9        49        55
         2         2         8        48        49
         2         8        48        49        54
         2         8        49        54        55
         2         3         4         9        50
         2         4         9        10        50
         2         9        10        50        56
         2         3         9        49        50
         2         9        49        50        55
         2         9        50        55        56
         2         4         5        10        51
         2         5        10        11        51
         2        10        11        51        57
         2         4        10        50        51
         2        10        50        51        56
         2        10        51        56        57
         2         5         6        11        52
         2         6        11        12        52
         2        11        12        52        58
         2         5        11        51        52
         2        11        51        52        57
         2        11        52        57        58
         2         5         6        12        51
         2         5        12        13        51
         2        12        13        51        59
         2         6        12        51        52
         2        12        51        52        58
         2        12        51        58        59
         2         4         5        13        50
         2         4        13        14        50
         2        13        14        50        60
         2         5        13        50        51
         2        13        50        51        59
         2        13        50        59        60
         2         3         4        14        49
         2         3        14        15        49
         2        14        15        49        61
         2         4        14        49        50
         2        14        49        50        60
         2        14        49        60        61
         2         2         3        15        48
         2         2        15        16        48
         2        15        16        48        62
         2         3        15        48        49
         2        15        48        49        61
         2        15        48        61        62
         2         1         2        16        47
         2         1         7        16        47
         2         7        16        47        53
         2         2        16        47        48
         2        16        47        48        62
         2        16        47        53        62
         2         7         8        17        54
         2         8        17        18        54
         2        17        18        54        64
         2         7        17        53        54
         2        17        53        54        63
         2        17        54        63        64
         2         8         9        18        55
         2         9        18        19        55
         2        18        19        55        65
         2         8        18        54        55
         2        18        54        55        64
         2        18        55        64        65
         2         9        10        19        56
         2        10        19        20        56
         2        19        20        56        66
         2         9        19        55        56
         2        19        55        56        65
         2        19        56        65        66
         2        10        11        20        57
         2        11        20        21        57
         2        20        21        57        67
         2        10        20        56        57
         2        20        56        57        66
         2        20        57        66        67
         2        11        12        21        58
         2        12        21        22        58
         2        21        22        58        68
         2        11        21        57        58
         2        21        57        58        67
         2        21        58        67        68
         2        12        13        22        59
         2        13        22        23        59
         2        22        23        59        69
         2        12        22        58        59
         2        22        58        59        68
         2        22        59        68        69
         2        13        14        23        60
         2        14        23        24        60
         2        23        24        60        70
         2        13        23        59        60
         2        23        59        60        69
         2        23        60        69        70
         2        14        15        24        61
         2        15        24        25        61
         2        24        25        61        71
         2        14        24        60        61
         2        24        60        61        70
         2        24        61        70        71
         2        15        16        25        62
         2        16        25        26        62
         2        25        26        62        72
         2        15        25        61        62
         2        25        61        62        71
         2        25        62        71        72
         2         7        16        26        53
         2         7        17        26        53
         2        17        26        53        63
         2        16        26        53        62
         2        26        53        62        72
         2        26        53        63        72
         2        17        18        27        64
         2        18        27        28        64
         2        27        28        64        74
         2        17        27        63        64
         2        27        63        64        73
         2        27        64        73        74
         2        18        19        28        65
         2        19        28        29        65
         2        28        29        65        75
         2        18        28        64        65
         2        28        64        65        74
         2        28        65        74        75
         2        19        20        29        66
         2        20        29        30        66
         2        29        30        66        76
         2        19        29        65        66
         2        29        65        66        75
         2        29        66        75        76
         2        20        21        30        67
         2        21        30        31        67
         2        30        31        67        77
         2        20        30        66        67
         2        30        66        67        76
         2        30        67        76        77
         2        21        22        31        68
         2        22        31        32        68
         2        31        32        68        78
         2        21        31        67        68
         2        31        67        68        77
         2        31        68        77        78
         2        22        23        32        69
         2        23        32        33        69
         2        32        33        69        79
         2        22        32        68        69
         2        32        68        69        78
         2        32        69        78        79
         2        23        24        33        70
         2        24        33        34        70
         2        33        34        70        80
         2        23        33        69        70
         2        33        69        70        79
         2        33        70        79        80
         2        24        25        34        71
         2        25        34        35        71
         2        34        35        71        81
         2        24        34        70        71
         2        34        70        71        80
         2        34        71        80        81
         2        25        26        35        72
         2        26        35        36        72
         2        35        36        72        82
         2        25        35        71        72
         2        35        71        72        81
         2        35        72        81        82
         2        17        26        36        63
         2        17        27        36        63
         2        27        36        63        73
         2        26        36        63        72
         2        36        63        72        82
         2        36        63        73        82
         2        27        28        37        74
         2        28        37        38        74
         2        37        38        74        84
         2        27        37        73        74
         2        37        73        74        83
         2        37        74        83        84
         2        28        29        38        75
         2        29        38        39        75
         2        38        39        75        85
         2        28        38        74        75
         2        38        74        75        84
         2        38        75        84        85
         2        29        30        39        76
         2        30        39        40        76
         2        39        40        76        86
         2        29        39        75        76
         2        39        75        76        85
         2        39        76        85        86
         2        30        31        40        77
         2        31        40        41        77
         2        40        41        77        87
         2        30        40        76        77
         2        40        76        77        86
         2        40        77        86        87
         2        31        32        41        78
         2        32        41        42        78
         2        41        42        78        88
         2        31        41        77        78
         2        41        77        78        87
         2        41        78        87        88
         2        32        33        42        79
         2        33        42        43        79
         2        42        43        79        89
         2        32        42        78        79
         2        42        78        79        88
         2        42        79        88        89
         2        33        34        43        80
         2        34        43        44        80
         2        43        44        80        90
         2        33        43        79        80
         2        43        79        80        89
         2        43        80        89        90
         2        34        35        44        81
         2        35        44        45        81
         2        44        45        81        91
         2        34        44        80        81
         2        44        80        81        90
         2        44        81        90        91
         2        35        36        45        82
         2        36        45        46        82
         2        45        46        82        92
         2        35        45        81        82
         2        45        81        82        91
         2        45        82        91        92
         2        27        36        46        73
         2        27        37        46        73
         2        37        46        73        83
         2        36        46        73        82
         2        46        73        82        92
         2        46        73        83        92
         2        37        37        38        84
         2        37        38        46        84
         2        37        46        84        92
         2        37        37        83        84
         2        37        83        83        84
         2        37        83        84        92
         2        38        39        46        85
         2        39        45        46        85
         2        45        46        85        91
         2        38        46        84        85
         2        46        84        85        92
         2        46        85        91        92
         2        39        40        45        86
         2        40        44        45        86
         2        44        45        86        90
         2        39        45        85        86
         2        45        85        86        91
         2        45        86        90        91
         2        40        41        44        87
         2        41        43        44        87
         2        43        44        87        89
         2        40        44        86        87
         2        44        86        87        90
         2        44        87        89        90
         2        41        42        43        88
         2        42        42        43        88
         2        42        43        88        88
         2        41        43        87        88
         2        43        87        88        89
         2        43        88        88        89
         2        42        42        43        89
         2        41        42        43        89
         2        41        42        87        89
         2        42        42        88        89
         2        42        88        88        89
         2        42        87        88        89
         2        41        43        44        90
         2        40        41        44        90
         2        40        41        86        90
         2        41        43        89        90
         2        41        87        89        90
         2        41        86        87        90
         2        40        44        45        91
         2        39        40        45        91
         2        39        40        85        91
         2        40        44        90        91
         2        40        86        90        91
         2        40        85        86        91
         2        39        45        46        92
         2        38        39        46        92
         2        38        39        84        92
         2        39        45        91        92
         2        39        85        91        92
         2        39        84        85        92
         2        37        38        46        83
         2        37        37        38        83
         2        37        38        83        83
         2        38        46        83        92
         2        38        83        84        92
         2        38        83        83        84
         2        27        37        46        92
         2        27        36        46        92
         2        27        36        82        92
         2        27        37        83        92
         2        27        73        83        92
         2        27        73        82        92
         2        36        45        46        91
         2        35        36        45        91
         2        35        36        81        91
         2        36        46        91        92
         2        36        82        91        92
         2        36        81        82        91
         2        35        44        45        90
         2        34        35        44        90
         2        34        35        80        90
         2        35        45        90        91
         2        35        81        90        91
         2        35        80        81        90
         2        34        43        44        89
         2        33        34        43        89
         2        33        34        79        89
         2        34        44        89        90
         2        34        80        89        90
         2        34        79        80        89
         2        33        42        43        88
         2        32        33        42        88
         2        32        33        78        88
         2        33        43        88        89
         2        33        79        88        89
         2        33        78        79        88
         2        32        41        42        87
         2        31        32        41        87
         2        31        32        77        87
         2        32        42        87        88
         2        32        78        87        88
         2        32        77        78        87
         2        31        40        41        86
         2        30        31        40        86
         2        30        31        76        86
         2        31        41        86        87
         2        31        77        86        87
         2        31        76        77        86
         2        30        39        40        85
         2        29        30        39        85
         2        29        30        75        85
         2        30        40        85        86
         2        30        76        85        86
         2        30        75        76        85
         2        29        38        39        84
         2        28        29        38        84
         2        28        29        74        84
         2        29        39        84        85
         2        29        75        84        85
         2        29        74        75        84
         2        28        37        38        83
         2        27        28        37        83
         2        27        28        73        83
         2        28        38        83        84
         2        28        74        83        84
         2        28        73        74        83
         2        17        27        36        82
         2        17        26        36        82
         2        17        26        72        82
         2        17        27        73        82
         2        17        63        73        82
         2        17        63        72        82
         2        26        35        36        81
         2        25        26        35        81
         2        25        26        71        81
         2        26        36        81        82
         2        26        72        81        82
         2        26        71        72        81
         2        25        34        35        80
         2        24        25        34        80
         2        24        25        70        80
         2        25        35        80        81
         2        25        71        80        81
         2        25        70        71        80
         2        24        33        34        79
         2        23        24        33        79
         2        23        24        69        79
         2        24        34        79        80
         2        24        70        79        80
         2        24        69        70        79
         2        23        32        33        78
         2        22        23        32        78
         2        22        23        68        78
         2        23        33        78        79
         2        23        69        78        79
         2        23        68        69        78
         2        22        31        32        77
         2        21        22        31        77
         2        21        22        67        77
         2        22        32        77        78
         2        22        68        77        78
         2        22        67        68        77
         2        21        30        31        76
         2        20        21        30        76
         2        20        21        66        76
         2        21        31        76        77
         2        21        67        76        77
         2        21        66        67        76
         2        20        29        30        75
         2        19        20        29        75
         2        19        20        65        75
         2        20        30        75        76
         2        20        66        75        76
         2        20        65        66        75
         2        19        28        29        74
         2        18        19        28        74
         2        18        19        64        74
         2        19        29        74        75
         2        19        65        74        75
         2        19        64        65        74
         2        18        27        28        73
         2        17        18        27        73
         2        17        18        63        73
         2        18        28        73        74
         2        18        64        73        74
         2        18        63        64        73
         2         7        17        26        72
         2         7        16        26        72
         2         7        16        62        72
         2         7        17        63        72
         2         7        53        63        72
         2         7        53        62        72
         2        16        25        26        71
         2        15        16        25        71
         2        15        16        61        71
         2        16        26        71        72
         2        16        62        71        72
         2        16        61        62        71
         2        15        24        25        70
         2        14        15        24        70
         2        14        15        60        70
         2        15        25        70        71
         2        15        61        70        71
         2        15        60        61        70
         2        14        23        24        69
         2        13        14        23        69
         2        13        14        59        69
         2        14        24        69        70
         2        14        60        69        70
         2        14        59        60        69
         2        13        22        23        68
         2        12        13        22        68
         2        12        13        58        68
         2        13        23        68        69
         2        13        59        68        69
         2        13        58        59        68
         2        12        21        22        67
         2        11        12        21        67
         2        11        12        57        67
         2        12        22        67        68
         2        12        58        67        68
         2        12        57        58        67
         2        11        20        21        66
         2        10        11        20        66
         2        10        11        56        66
         2        11        21        66        67
         2        11        57        66        67
         2        11        56        57        66
         2        10        19        20        65
         2         9        10        19        65
         2         9        10        55        65
         2        10        20        65        66
         2        10        56        65        66
         2        10        55        56        65
         2         9        18        19        64
         2         8         9        18        64
         2         8         9        54        64
         2         9        19        64        65
         2         9        55        64        65
         2         9        54        55        64
         2         8        17        18        63
         2         7         8        17        63
         2         7         8        53        63
         2         8        18        63        64
         2         8        54        63        64
         2         8        53        54        63
         2         1         7        16        62
         2         1         2        16        62
         2         1         2        48        62
         2         1         7        53        62
         2         1        47        53        62
         2         1        47        48        62
         2         2        15        16        61
         2         2         3        15        61
         2         2         3        49        61
         2         2        16        61        62
         2         2        48        61        62
         2         2        48        49        61
         2         3        14        15        60
         2         3         4        14        60
         2         3         4        50        60
         2         3        15        60        61
         2         3        49        60        61
         2         3        49        50        60
         2         4        13        14        59
         2         4         5        13        59
         2         4         5        51        59
         2         4        14        59        60
         2         4        50        59        60
         2         4        50        51        59
         2         5        12        13        58
         2         5         6        12        58
         2         5         6        52        58
         2         5        13        58        59
         2         5        51        58        59
         2         5        51        52        58
         2         6        11        12        57
         2         5         6        11        57
         2         5         6        51        57
         2         6        12        57        58
         2         6        52        57        58
         2         6        51        52        57
         2         5        10        11        56
         2         4         5        10        56
         2         4         5        50        56
         2         5        11        56        57
         2         5        51        56        57
         2         5        50        51        56
         2         4         9        10        55
         2         3         4         9        55
         2         3         4        49        55
         2         4        10        55        56
         2         4        50        55        56
         2         4        49        50        55
         2         3         8         9        54
         2         2         3         8        54
         2         2         3        48        54
         2         3         9        54        55
         2         3        49        54        55
         2         3        48        49        54
         2         2         7         8        53
         2         1         2         7        53
         2         1         2        47        53
         2         2         8        53        54
         2         2        48        53        54
         2         2        47        48        53
         2        47        48        53        94
         2        48        53        54        94
         2        53        54        94       100
         2        47        53        93        94
         2        53        93        94        99
         2        53        94        99       100
         2        48        49        54        95
         2        49        54        55        95
         2        54        55        95       101
         2        48        54        94        95
         2        54        94        95       100
         2        54        95       100       101
         2        49        50        55        96
         2        50        55        56        96
         2        55        56        96       102
         2        49        55        95        96
         2        55        95        96       101
         2        55        96       101       102
         2        50        51        56        97
         2        51        56        57        97
         2        56        57        97       103
         2        50        56        96        97
         2        56        96        97       102
         2        56        97       102       103
         2        51        52        57        98
         2        52        57        58        98
         2        57        58        98       104
         2        51        57        97        98
         2        57        97        98       103
         2        57        98       103       104
         2        51        52        58        97
         2        51        58        59        97
         2        58        59        97       105
         2        52        58        97        98
         2        58        97        98       104
         2        58        97       104       105
         2        50        51        59        96
         2        50        59        60        96
         2        59        60        96       106
         2        51        59        96        97
         2        59        96        97       105
         2        59        96       105       106
         2        49        50        60        95
         2        49        60        61        95
         2        60        61        95       107
         2        50        60        95        96
         2        60        95        96       106
         2        60        95       106       107
         2        48        49        61        94
         2        48        61        62        94
         2        61        62        94       108
         2        49        61        94        95
         2        61        94        95       107
         2        61        94       107       108
         2        47        48        62        93
         2        47        53        62        93
         2        53        62        93        99
         2        48        62        93        94
         2        62        93        94       108
         2        62        93        99       108
         2        53        54        63       100
         2        54        63        64       100
         2        63        64       100       110
         2        53        63        99       100
         2        63        99       100       109
         2        63       100       109       110
         2        54        55        64       101
         2        55        64        65       101
         2        64        65       101       111
         2        54        64       100       101
         2        64       100       101       110
         2        64       101       110       111
         2        55        56        65       102
         2        56        65        66       102
         2        65        66       102       112
         2        55        65       101       102
         2        65       101       102       111
         2        65       102       111       112
         2        56        57        66       103
         2        57        66        67       103
         2        66        67       103       113
         2        56        66       102       103
         2        66       102       103       112
         2        66       103       112       113
         2        57        58        67       104
         2        58        67        68       104
         2        67        68       104       114
         2        57        67       103       104
         2        67       103       104       113
         2        67       104       113       114
         2        58        59        68       105
         2        59        68        69       105
         2        68        69       105       115
         2        58        68       104       105
         2        68       104       105       114
         2        68       105       114       115
         2        59        60        69       106
         2        60        69        70       106
         2        69        70       106       116
         2        59        69       105       106
         2        69       105       106       115
         2        69       106       115       116
         2        60        61        70       107
         2        61        70        71       107
         2        70        71       107       117
         2        60        70       106       107
         2        70       106       107       116
         2        70       107       116       117
         2        61        62        71       108
         2        62        71        72       108
         2        71        72       108       118
         2        61        71       107       108
         2        71       107       108       117
         2        71       108       117       118
         2        53        62        72        99
         2        53        63        72        99
         2        63        72        99       109
         2        62        72        99       108
         2        72        99       108       118
         2        72        99       109       118
         2        63        64        73       110
         2        64        73        74       110
         2        73        74       110       120
         2        63        73       109       110
         2        73       109       110       119
         2        73       110       119       120
         2        64        65        74       111
         2        65        74        75       111
         2        74        75       111       121
         2        64        74       110       111
         2        74       110       111       120
         2        74       111       120       121
         2        65        66        75       112
         2        66        75        76       112
         2        75        76       112       122
         2        65        75       111       112
         2        75       111       112       121
         2        75       112       121       122
         2        66        67        76       113
         2        67        76        77       113
         2        76        77       113       123
         2        66        76       112       113
         2        76       112       113       122
         2        76       113       122       123
         2        67        68        77       114
         2        68        77        78       114
         2        77        78       114       124
         2        67        77       113       114
         2        77       113       114       123
         2        77       114       123       124
         2        68        69        78       115
         2        69        78        79       115
         2        78        79       115       125
         2        68        78       114       115
         2        78       114       115       124
         2        78       115       124       125
         2        69        70        79       116
         2        70        79        80       116
         2        79        80       116       126
         2        69        79       115       116
         2        79       115       116       125
         2        79       116       125       126
         2        70        71        80       117
         2        71        80        81       117
         2        80        81       117       127
         2        70        80       116       117
         2        80       116       117       126
         2        80       117       126       127
         2        71        72        81       118
         2        72        81        82       118
         2        81        82       118       128
         2        71        81       117       118
         2        81       117       118       127
         2        81       118       127       128
         2        63        72        82       109
         2        63        73        82       109
         2        73        82       109       119
         2        72        82       109       118
         2        82       109       118       128
         2        82       109       119       128
         2        73        74        83       120
         2        74        83        84       120
         2        83        84       120       130
         2        73        83       119       120
         2        83       119       120       129
         2        83       120       129       130
         2        74        75        84       121
         2        75        84        85       121
         2        84        85       121       131
         2        74        84       120       121
         2        84       120       121       130
         2        84       121       130       131
         2        75        76        85       122
         2        76        85        86       122
         2        85        86       122       132
         2        75        85       121       122
         2        85       121       122       131
         2        85       122       131       132
         2        76        77        86       123
         2        77        86        87       123
         2        86        87       123       133
         2        76        86       122       123
         2        86       122       123       132
         2        86       123       132       133
         2        77        78        87       124
         2        78        87        88       124
         2        87        88       124       134
         2        77        87       123       124
         2        87       123       124       133
         2        87       124       133       134
         2        78        79        88       125
         2        79        88        89       125
         2        88        89       125       135
         2        78        88       124       125
         2        88       124       125       134
         2        88       125       134       135
         2        79        80        89       126
         2        80        89        90       126
         2        89        90       126       136
         2        79        89       125       126
         2        89       125       126       135
         2        89       126       135       136
         2        80        81        90       127
         2        81        90        91       127
         2        90        91       127       137
         2        80        90       126       127
         2        90       126       127       136
         2        90       127       136       137
         2        81        82        91       128
         2        82        91        92       128
         2        91        92       128       138
         2        81        91       127       128
         2        91       127       128       137
         2        91       128       137       138
         2        73        82        92       119
         2        73        83        92       119
         2        83        92       119       129
         2        82        92       119       128
         2        92       119       128       138
         2        92       119       129       138
         2        83        83        84       130
         2        83        84        92       130
         2        83        92       130       138
         2        83        83       129       130
         2        83       129       129       130
         2        83       129       130       138
         2        84        85        92       131
         2        85        91        92       131
         2        91        92       131       137
         2        84        92       130       131
         2        92       130       131       138
         2        92       131       137       138
         2        85        86        91       132
         2        86        90        91       132
         2        90        91       132       136
         2        85        91       131       132
         2        91       131       132       137
         2        91       132       136       137
         2        86        87        90       133
         2        87        89        90       133
         2        89        90       133       135
         2        86        90       132       133
         2        90       132       133       136
         2        90       133       135       136
         2        87        88        89       134
         2        88        88        89       134
         2        88        89       134       134
         2        87        89       133       134
         2        89       133       134       135
         2        89       134       134       135
         2        88        88        89       135
         2        87        88        89       135
         2        87        88       133       135
         2        88        88       134       135
         2        88       134       134       135
         2        88       133       134       135
         2        87        89        90       136
         2        86        87        90       136
         2        86        87       132       136
         2        87        89       135       136
         2        87       133       135       136
         2        87       132       133       136
         2        86        90        91       137
         2        85        86        91       137
         2        85        86       131       137
         2        86        90       136       137
         2        86       132       136       137
         2        86       131       132       137
         2        85        91        92       138
         2        84        85        92       138
         2        84        85       130       138
         2        85        91       137       138
         2        85       131       137       138
         2        85       130       131       138
         2        83        84        92       129
         2        83        83        84       129
         2        83        84       129       129
         2        84        92       129       138
         2        84       129       130       138
         2        84       129       129       130
         2        73        83        92       138
         2        73        82        92       138
         2        73        82       128       138
         2        73        83       129       138
         2        73       119       129       138
         2        73       119       128       138
         2        82        91        92       137
         2        81        82        91       137
         2        81        82       127       137
         2        82        92       137       138
         2        82       128       137       138
         2        82       127       128       137
         2        81        90        91       136
         2        80        81        90       136
         2        80        81       126       136
         2        81        91       136       137
         2        81       127       136       137
         2        81       126       127       136
         2        80        89        90       135
         2        79        80        89       135
         2        79        80       125       135
         2        80        90       135       136
         2        80       126       135       136
         2        80       125       126       135
         2        79        88        89       134
         2        78        79        88       134
         2        78        79       124       134
         2        79        89       134       135
         2        79       125       134       135
         2        79       124       125       134
         2        78        87        88       133
         2        77        78        87       133
         2        77        78       123       133
         2        78        88       133       134
         2        78       124       133       134
         2        78       123       124       133
         2        77        86        87       132
         2        76        77        86       132
         2        76        77       122       132
         2        77        87       132       133
         2        77       123       132       133
         2        77       122       123       132
         2        76        85        86       131
         2        75        76        85       131
         2        75        76       121       131
         2        76        86       131       132
         2        76       122       131       132
         2        76       121       122       131
         2        75        84        85       130
         2        74        75        84       130
         2        74        75       120       130
         2        75        85       130       131
         2        75       121       130       131
         2        75       120       121       130
         2        74        83        84       129
         2        73        74        83       129
         2        73        74       119       129
         2        74        84       129       130
         2        74       120       129       130
         2        74       119       120       129
         2        63        73        82       128
         2        63        72        82       128
         2        63        72       118       128
         2        63        73       119       128
         2        63       109       119       128
         2        63       109       118       128
         2        72        81        82       127
         2        71        72        81       127
         2        71        72       117       127
         2        72        82       127       128
         2        72       118       127       128
         2        72       117       118       127
         2        71        80        81       126
         2        70        71        80       126
         2        70        71       116       126
         2        71        81       126       127
         2        71       117       126       127
         2        71       116       117       126
         2        70        79        80       125
         2        69        70        79       125
         2        69        70       115       125
         2        70        80       125       126
         2        70       116       125       126
         2        70       115       116       125
         2        69        78        79       124
         2        68        69        78       124
         2        68        69       114       124
         2        69        79       124       125
         2        69       115       124       125
         2        69       114       115       124
         2        68        77        78       123
         2        67        68        77       123
         2        67        68       113       123
         2        68        78       123       124
         2        68       114       123       124
         2        68       113       114       123
         2        67        76        77       122
         2        66        67        76       122
         2        66        67       112       122
         2        67        77       122       123
         2        67       113       122       123
         2        67       112       113       122
         2        66        75        76       121
         2        65        66        75       121
         2        65        66       111       121
         2        66        76       121       122
         2        66       112       121       122
         2        66       111       112       121
         2        65        74        75       120
         2        64        65        74       120
         2        64        65       110       120
         2        65        75       120       121
         2        65       111       120       121
         2        65       110       111       120
         2        64        73        74       119
         2        63        64        73       119
         2        63        64       109       119
         2        64        74       119       120
         2        64       110       119       120
         2        64       109       110       119
         2        53        63        72       118
         2        53        62        72       118
         2        53        62       108       118
         2        53        63       109       118
         2        53        99       109       118
         2        53        99       108       118
         2        62        71        72       117
         2        61        62        71       117
         2        61        62       107       117
         2        62        72       117       118
         2        62       108       117       118
         2        62       107       108       117
         2        61        70        71       116
         2        60        61        70       116
         2        60        61       106       116
         2        61        71       116       117
         2        61       107       116       117
         2        61       106       107       116
         2        60        69        70       115
         2        59        60        69       115
         2        59        60       105       115
         2        60        70       115       116
         2        60       106       115       116
         2        60       105       106       115
         2        59        68        69       114
         2        58        59        68       114
         2        58        59       104       114
         2        59        69       114       115
         2        59       105       114       115
         2        59       104       105       114
         2        58        67        68       113
         2        57        58        67       113
         2        57        58       103       113
         2        58        68       113       114
         2        58       104       113       114
         2        58       103       104       113
         2        57        66        67       112
         2        56        57        66       112
         2        56        57       102       112
         2        57        67       112       113
         2        57       103       112       113
         2        57       102       103       112
         2        56        65        66       111
         2        55        56        65       111
         2        55        56       101       111
         2        56        66       111       112
         2        56       102       111       112
         2        56       101       102       111
         2        55        64        65       110
         2        54        55        64       110
         2        54        55       100       110
         2        55        65       110       111
         2        55       101       110       111
         2        55       100       101       110
         2        54        63        64       109
         2        53        54        63       109
         2        53        54        99       109
         2        54        64       109       110
         2        54       100       109       110
         2        54        99       100       109
         2        47        53        62       108
         2        47        48        62       108
         2        47        48        94       108
         2        47        53        99       108
         2        47        93        99       108
         2        47        93        94       108
         2        48        61        62       107
         2        48        49        61       107
         2        48        49        95       107
         2        48        62       107       108
         2        48        94       107       108
         2        48        94        95       107
         2        49        60        61       106
         2        49        50        60       106
         2        49        50        96       106
         2        49        61       106       107
         2        49        95       106       107
         2        49        95        96       106
         2        50        59        60       105
         2        50        51        59       105
         2        50        51        97       105
         2        50        60       105       106
         2        50        96       105       106
         2        50        96        97       105
         2        51        58        59       104
         2        51        52        58       104
         2        51        52        98       104
         2        51        59       104       105
         2        51        97       104       105
         2        51        97        98       104
         2        52        57        58       103
         2        51        52        57       103
         2        51        52        97       103
         2        52        58       103       104
         2        52        98       103       104
         2        52        97        98       103
         2        51        56        57       102
         2        50        51        56       102
         2        50        51        96       102
         2        51        57       102       103
         2        51        97       102       103
         2        51        96        97       102
         2        50        55        56       101
         2        49        50        55       101
         2        49        50        95       101
         2        50        56       101       102
         2        50        96       101       102
         2        50        95        96       101
         2        49        54        55       100
         2        48        49        54       100
         2        48        49        94       100
         2        49        55       100       101
         2        49        95       100       101
         2        49        94        95       100
         2        48        53        54        99
         2        47        48        53        99
         2        47        48        93        99
         2        48        54        99       100
         2        48        94        99       100
         2        48        93        94        99
